Left_Shoulder_Angle,Right_Shoulder_Angle,Left_Elbow_Angle,Right_Elbow_Angle,Left_Wrist_Angle,Right_Wrist_Angle,Left_Hip_Angle,Right_Hip_Angle,Left_Knee_Angle,Right_Knee_Angle,Neck_Angle,Left_Ankle_Angle,Right_Ankle_Angle,Left_Heel_Angle,Right_Heel_Angle,Left_Foot_Index_Angle,Right_Foot_Index_Angle,Label,frame number
8.230705078417909,313.7627278699414,290.1085153183926,321.3542514433703,51.42881232611592,45.95790271482542,174.6656251293289,175.57858170723256,179.2721442778885,198.22709499611412,84.91452762806172,217.7780936337045,219.15179391834675,46.92152957152254,44.623397701686194,345.9809612923204,345.21563608585154,1,1
8.201311867450265,313.28595689023274,289.332427547616,320.9048975678279,50.57657879128027,44.63346084584646,174.59508597604872,176.90085585745732,179.3746286862337,196.1691479185567,85.19568388435907,219.29730352150992,220.67990213656765,45.21718469524989,43.35646062653572,346.8549627193673,345.2118079504789,1,2
11.675577547691162,313.00796215266627,285.3405625860121,320.1633079871575,48.65366503397041,42.388656463884445,174.86109361015932,178.3223659447233,179.51719493255715,194.62191684041548,84.2934014093098,219.58284270813832,220.83369110510156,44.92318524025802,43.36683321361086,347.14214111476605,345.2852201982542,1,3
15.588198487105814,314.16852308983147,281.028065439349,319.2691205616518,46.82022704537894,42.72411664851353,174.84875297296176,179.1494865159677,179.8461771129303,193.4579307790445,83.49758197789171,219.34127271339656,221.4664790616636,45.57317122285001,43.17418190282236,347.26893178187265,345.0871880609579,1,4
22.84403524763616,315.92081446438715,272.3622707898115,319.5620963654427,44.5880468902356,43.77817029999432,174.92888454801007,179.01064083085635,179.8397632367662,192.9875182637599,82.0670326897406,219.50995295057112,221.84498874272367,45.758158842176734,43.11060110331385,347.38200227767067,345.0674765480851,1,5
23.84238719671315,320.10063558134283,271.0595779520325,319.5801706006315,44.15938402290601,46.04848753796756,175.3375118892181,179.22419536656918,179.88154503966078,192.5664399957723,78.91058344123039,219.82883849587785,222.08318542793435,45.41426611466504,43.12518565413664,347.6065479488733,345.0132656688652,1,6
24.72068415686212,322.8065943977234,269.91382220572723,320.38405869576127,43.475799035454656,53.02425646128273,175.60058404805957,179.50058884392158,179.80669892039103,192.45138334507965,77.60559880606371,219.8537745121728,221.96975069362307,45.290147145483495,43.11685742001946,347.6461778935112,344.98445942657514,1,7
25.473253984189167,324.3144029793452,269.4479948648426,321.55839611792794,41.85041052293542,60.27913811288499,175.867720151139,179.56818822095298,179.51909076990268,192.4443379536341,75.8955593580569,219.7646809900097,221.9653125512857,45.47676256250323,43.10199836839108,347.74788290484435,344.9797944358786,1,8
25.07669093954076,324.8232372718193,269.2350466306859,321.78221393811907,40.05599839508915,62.10711771418306,175.99608074193804,179.9137879930208,179.4287085095971,192.15645246856675,74.7720496114716,220.08888350919625,222.26195404140748,45.12265826574244,42.754122560358375,347.93779336000216,344.98486153219613,1,9
24.4270849934873,324.82328660523,269.78924621674446,321.7939273468191,39.66520686971535,61.90571221133774,176.04912933220265,179.79398834207865,179.5633356156096,192.2846277311688,74.56029903065824,220.5559796193109,222.34896839101685,44.61987846355533,42.602283541193344,348.17370920764176,344.95965698091766,1,10
23.42451063896803,323.8021601200933,269.8826860724217,320.4467737541564,39.94692091303023,55.28245235389818,176.58463042997843,180.1177621807123,179.6198568804145,192.12000518098333,74.12137514344363,221.23497953184605,222.41554726668028,44.08370118127962,42.4878514782428,348.3174162101202,344.885436806446,1,11
20.472263011518013,322.199412725185,271.5186241510818,318.9328505091322,41.13132313869773,48.38247754456063,176.60294410140696,180.36681569733284,179.21205499444386,192.0420376226028,75.42881188338056,221.9839332722316,222.47714284676147,43.22404762612797,42.33016766856431,348.4274000297617,344.7817978246665,1,12
16.704968955271386,320.9188350362864,274.4668224131097,317.7779514315177,43.498322136453965,45.806554086790015,176.632371854444,179.97982050270346,179.3553691057817,192.3783596394485,75.95034381254092,222.52007763120304,222.3176479483745,42.43465380257929,42.512561713704535,348.5308933750616,344.7032814810899,1,13
14.903392324929962,320.1405929913539,276.36654249185244,317.4430449835106,45.19841478578769,44.41905518690339,176.23624248396143,179.5246987092013,178.92392652622365,192.4527760404236,78.05956854217945,223.01674603916305,222.3228602977073,41.91044151446394,42.55815554000143,348.60336214292,344.6424651964073,1,14
12.571711023699374,319.95581759191,279.33657583384127,318.8267205632146,46.17504343819479,44.77303300761099,176.22770647060662,178.20773167560213,178.94524745393764,192.7596791693612,76.3075801301536,223.2249028770576,222.20085629324,41.58355390705443,42.44260863208189,348.6694891661258,344.6847615754056,1,15
11.43643104020333,322.82436179537046,280.18263667689894,316.75061067219104,46.21262137715286,44.77287081963283,176.10824361848904,177.98919638483858,179.0985479581763,193.071684085388,73.99860219332446,223.2023339427109,222.2566731124657,41.46464594426399,42.12291739024664,348.68674488413114,344.8231902990916,1,16
11.549367761046506,323.83600822090045,279.5947864651103,317.0979614318496,46.16632743798823,45.47743380587048,176.4342880798696,177.3246780507801,179.23277268559065,193.21512535751864,71.28541190240384,223.0612022870625,222.3073669591942,41.49570532018521,41.87787930975277,348.6561789928691,344.9488529578012,1,17
10.369061144427429,323.79890080934763,280.2811968919105,317.78264945665944,46.70104984410733,46.59064582195282,176.45955185421266,176.93241953742714,179.21147017187897,193.47135589025652,69.92032130469167,222.8157022077201,222.10699230336027,41.19137145011258,41.71723231804201,348.6725160734811,345.0107963455328,1,18
10.31812128993058,323.3230297109714,280.02140624495087,318.4682799469019,46.84643337158332,46.77174415034944,176.03689529937265,176.40695185721088,179.143977137557,193.6926600968452,68.70627004413232,223.1690484133166,221.9395528612324,40.51955999604927,41.43139668874067,348.90063618171973,345.10396055959706,1,19
8.497034956397037,322.2027290938817,281.33948725495435,319.03569161989986,48.3700487280334,47.052222058551365,175.1945079651394,175.64748136641015,179.79578452237917,194.0413890575715,68.0503986163096,222.91113815792912,222.0617367198704,39.84948815838607,40.40058432999622,348.95122312803863,345.411094912724,1,20
3.202314166296415,2.502619346052234,134.43546206166576,157.35910510937697,336.87626412322044,347.89698893107453,190.0472967890959,182.9382153495401,174.86192206029983,177.77156616843237,4.286904783373615,128.44443862725896,134.30940695317287,321.47841304054697,319.008432932545,14.885526401081748,16.102353866048816,1,21
355.16725652652855,359.50419120928655,132.98112378552923,136.12717570019308,337.5943797270861,337.8352106049202,192.77805244663364,190.42635991672336,173.05858373134302,170.75831259828274,3.736400609016549,128.73299802061865,130.22004914820388,325.1519742620275,328.7571138643204,11.626696775891396,12.59893802342418,1,22
343.8506291039691,353.0107279348788,137.8486281407427,126.5398170300353,340.72976192675924,335.1982539044306,193.00397292118592,192.82676914270755,172.21443889420945,170.94804901822314,4.228781300686646,129.1546419480769,130.81309794049537,324.8775456150903,326.54101281173195,11.821140274954567,12.239013065713625,1,23
333.09876856132047,346.50794299382216,138.07883643949663,123.43642092072976,341.68575257056904,336.5134468018922,194.0601718098768,192.41268952009395,171.7008446817372,171.00355441029728,4.162452232285129,129.44621618839258,132.126142095178,324.57908953590174,325.4225759381043,11.685573241543867,12.03753835015571,1,24
324.9851089617824,342.51151711123856,139.8596243110534,117.19228012720194,342.657091482126,336.5712626683799,194.800936761468,193.08951001839355,171.3100275512125,170.11755713829243,4.140145316739073,131.3964704541943,134.5062723302085,322.9527143564284,323.02664941451184,12.539510003959393,12.29567310109436,1,25
317.84851767461214,336.1115684507139,142.06214885350406,120.76472828798126,343.6143458495772,337.1692936776279,193.46978589551347,192.45535381018124,170.75963255033258,169.38749358644654,6.213289273284773,133.32461546684203,140.57622756255873,321.58673376657435,318.84263973048337,12.01521648308078,13.222388028181646,1,26
312.25266956352107,322.4863487357067,136.10983731888714,134.12645879841162,341.14994300453395,340.60448438659205,198.31711142451803,192.76877807049527,167.58532639747548,169.16671688270213,7.8162879707271555,131.34579392195704,138.79050117565677,324.0081653095635,320.3906523451403,11.656108047656437,12.472379910808222,1,27
306.52431457790294,314.057103471374,133.91258908955334,133.5827005227007,340.19674934240896,339.5977617888732,207.2915261086025,194.6551982129528,161.90458819417356,168.69661110669364,9.598461790732843,133.26387848726534,139.49909334875022,322.4535032707611,318.5325755538446,11.381734973724647,12.246691766791262,1,28
298.257835438594,305.2666184845615,133.06776327191275,133.76878885401294,339.3185444756334,338.5873333190537,216.15941659752448,198.31738171786836,156.56540713030031,167.5763183610066,11.330984493898097,132.81773146219226,139.13182584205924,323.3467674497226,318.37282305740644,11.181233431962742,12.28812989476608,1,29
292.01088298801375,299.7063557929683,134.73491219565514,132.18412663400557,339.13045262859305,336.7992331484453,222.61527967770388,206.71499739716845,151.63032146966563,160.45766095106686,11.816023970246151,134.12693670028867,139.7032609289232,323.3941368281392,320.5526712174101,11.30118693796376,12.193959593768762,1,30
287.44999498179675,296.93116831445093,133.26472918503353,126.9873473724042,337.0324093888217,334.0956501212318,226.6647864887001,215.25255306576452,147.392508627021,148.46694969524737,11.737076911483394,134.11428194317,149.23091399149197,325.1588185412966,314.8038028157609,11.083778730810478,12.7140210201758,1,31
276.22806967513407,288.18910381413525,137.17923425602666,127.07814714408656,336.4576539243775,332.13675694219046,235.4309229179375,225.889654592724,141.41683367850598,138.44981501834363,9.158396970527033,136.11512333980403,151.05979955050043,323.58741247938,316.28786255156353,10.96015788921668,13.067921011441593,1,32
269.8624995322668,279.05206085848283,132.88786147949713,123.50531616566474,330.6465944747918,327.37094652219554,246.6751334040506,239.42544064962811,128.81613605808346,128.28991661296195,7.748825705398158,141.2782750516887,146.82704085802726,322.37660628043926,319.34241751981955,10.837864936823095,15.903650046382158,1,33
260.5687710182176,272.8614829633637,129.42125667737403,121.75007918307934,325.2717154306583,326.069055684491,257.45832895050773,250.4218575894293,120.0392357211879,116.87024157124858,7.476178342586774,141.7561729619688,150.34706940547454,324.81698045346394,321.2475251859556,11.259997692561043,15.468889066692787,1,34
255.83793458169265,266.0394209990259,124.0265266090396,121.9573327966545,321.29357405004873,326.43830888667026,265.782716721568,261.448989955446,111.14210875771352,107.3985324891695,7.1230911421128855,146.23678107177565,146.59577565266193,323.79215363494296,326.35099247083144,11.289269223035925,13.946113585915892,1,35
251.07636880123147,260.44608086402,119.44819819208392,118.28031137648976,317.4833979089295,323.58975779137785,273.3328775410053,270.7673532477134,103.9926982265319,101.85660044046726,5.03953055178642,148.99319612145277,146.60916415501515,323.6191501564045,328.30301253293766,11.220970075838444,12.281078011235351,1,36
246.29840378876932,254.76332480836183,122.84478841187833,121.63257835439394,321.929068981262,326.41487780486455,281.73416955997845,277.8833615150147,96.7509424574329,99.14112768462108,3.575578664668816,152.29050750476742,142.712001312562,323.26239643726217,327.0249701613068,11.482527620914643,11.26479610664906,1,37
242.32928985007408,250.1506954615446,124.84270693216897,125.72256859572298,322.6619440444132,329.1282690412221,287.6469477222822,284.42091324851606,93.4035173108974,94.7920772985893,5.165817654232391,152.11609186131778,143.23739945472988,323.50028310817424,325.10542734422285,11.721495022241536,13.294834435736703,1,38
239.37341893248455,246.5226172275205,121.47758661039482,122.997758637643,318.9243778279135,326.4433871939344,293.8411555599048,292.99083626705254,87.79987316373472,86.58901345101252,5.16670976803254,152.94178415166644,145.3541904698381,323.8589201690152,325.60448567751587,11.528597212241513,14.861012113046296,1,39
237.8284023610489,245.51017183747695,117.22645133904268,120.6268958828147,316.30203776744213,325.33998474686246,298.99317231099644,299.15558124429623,84.05703950854411,79.71576474057144,5.522865799628118,153.55679613090228,148.32113608618354,324.4049766979284,324.02701828436926,11.622559314772886,19.50470222199703,1,40
233.10219104335368,240.93655470900887,115.43203553441906,121.39063307516676,313.55466260079766,326.7991249052339,304.5867796322039,304.3935570678033,79.5005840944225,76.76649990489693,5.698309852838005,151.04511031382006,149.59493327859573,327.6652740269284,331.8728778699677,10.41578856051294,15.613636987317411,1,41
231.1519434148588,237.4431929750005,122.24115506153872,126.7672902662551,318.5534447235522,329.18264631883267,310.08791907129324,309.6639204200322,72.92496386297077,71.40711655010149,4.291538645686757,152.34489739128605,151.5912868551947,328.9900973496241,332.073125418158,10.333251662266289,14.500759493021302,1,42
228.85148450879456,232.4148359550021,122.6423896360536,128.68803231758457,319.5443068470184,330.1812281132195,313.78371098576395,313.98650932921606,70.2456346345647,69.31147054482076,5.254829530629236,152.42248499466447,151.89624216361153,329.6004920170857,331.84728410854785,10.872907116057856,13.529713863980556,1,43
227.2678294643433,229.58992983067296,119.22667484581228,130.53407780602114,317.1875424119479,331.0278706766705,318.0343425728831,318.002175474224,66.19800500519382,66.018424575871,3.281710884727155,153.41755684103083,152.1380185327492,329.58540851668533,331.1127875263682,11.459930943285208,13.501974110937503,1,44
225.2414713780176,227.7640574131123,118.6218221612848,132.44974108900254,316.4383576141003,331.58186843385107,321.758618264139,320.94984090487526,62.92219552315069,62.67267978734372,0.5689766545021943,154.95572558269586,153.11017876999776,329.060135871509,331.6415156321061,12.222369447307976,13.522812085628894,1,45
223.75937649193105,226.37475839472265,118.44812083851352,134.18829766745233,315.6707568693259,332.279783167255,324.71889806668617,324.31246744502755,59.78199764049781,60.4052303401567,358.3290087288633,155.33255130349494,152.33131112111622,329.1766428706497,328.78233285533634,12.222644697360794,15.76206125359028,1,46
222.29283725886515,224.2634605063498,117.6906650255088,136.92404356834163,314.3983739004799,333.94181272093647,327.3271218568729,328.36503256086746,57.449110540727546,59.017702003591474,357.2824513505444,152.67653381452712,149.06161397031244,330.8709980270185,325.73651034194125,11.980315939364916,20.256286469130227,1,47
222.14140524219795,223.3563037370052,118.46872798192804,141.53097215067845,313.510235582348,336.5357255291544,329.586070038516,332.6940713210613,53.29598762548948,54.7925801037626,357.2421539772098,155.07228481645623,149.79624206478172,329.77946485022034,321.8434355412175,12.341870627395013,21.48118672716553,1,48
221.8970489737918,223.1196056670273,116.51062036293504,141.6327765760524,312.0667682938741,336.8040104320458,331.1216902696733,335.424450997774,50.52510690377787,52.81717369078751,356.0192191849691,155.42313131953668,146.48362257598927,330.13030061279784,321.5676389953963,11.60502748490744,18.548321455321528,1,49
221.70835738156595,223.5201142626665,114.46731433295822,141.5256604735052,310.0445934649493,336.8615236803103,332.4883746236496,337.0277543625115,48.28244587290124,51.13736270601503,355.6412891002318,156.13169540043978,147.16230694416555,330.1638555672102,327.7541922415989,11.610584227868454,17.1020260105859,1,50
220.99280754737163,223.1986261089416,116.96546845805491,140.3125434381766,312.1608046357412,336.1519663081913,332.7596692058729,338.9976129505651,47.35262076154704,48.562846082637016,356.5887044095888,157.1250398936956,154.38591863872853,330.3680238457969,326.4647030171115,11.443193251353923,18.404074858070157,1,51
221.00902033402636,223.06441320207395,115.31317065721882,138.8141895337186,311.2437806028328,334.92088708108827,333.1233808513656,339.00508623963657,46.10900836746796,48.40229173251736,355.6014192818847,157.79720757478182,155.51506485037964,330.34988326349065,325.4499765883488,11.516329789048164,17.975877151340548,1,52
221.06026848236735,224.7358334493628,114.36941789182022,135.08458634344112,310.7663576162598,332.1360717192862,333.90217861979085,339.38235184490526,44.43129271433703,46.73396815776234,354.6517885437682,158.31796949868036,156.3388501866941,330.4203961646514,325.5489397405633,11.598487551083808,17.674032138156992,1,53
222.0241688812184,226.0056015853712,113.54941153198438,132.2223421762284,310.4147757192851,330.1802570782582,333.7958988312524,338.7095075191909,43.7986370190684,46.55906163360835,354.7585417347024,158.44199606771392,154.57471512358626,330.57880280823144,326.2331757574134,11.752905986532722,16.787602930416394,1,54
222.10872347299883,225.34270203334484,111.7575920759836,131.735092626225,308.4038787601873,329.89604471557874,332.8698480610845,338.4640493126295,43.52515216916445,45.9838895506329,355.6578123352272,158.84521270760678,152.9877141900821,330.7786744836121,327.2171429150199,11.918910067665664,15.933514205852754,1,55
221.4500312410468,224.5345957772689,109.8133203711393,133.03499661722907,306.0871130128512,330.5274903854021,331.88507924883794,337.45842601719824,44.82852722672391,46.24701072429533,355.97025621224486,159.44430287130234,152.1146722137442,330.30224104729274,327.8429431091264,12.171290961377537,14.934278262177369,1,56
221.7910200991412,225.4767140771355,107.45969263176016,130.250092047152,304.17769287582104,328.1276430443433,330.77998832880587,335.8657876636638,45.621025417004326,46.94034858964402,356.2320238013378,159.37700102580544,150.84996274282895,330.3871070870359,329.2455744514914,12.408002193266292,14.808321303108912,1,57
220.6746757678272,223.0577264849156,109.41059666325197,131.5084127971215,305.19475400243635,328.53025651977924,329.26817160372246,334.6719287481202,46.522798960737575,47.03419339736068,357.29117194931604,159.30236299963414,150.08483734376577,330.28424997277705,329.85686134417887,12.774202875445688,14.757098374580837,1,58
221.1794194464797,223.25874154379488,112.1678643331632,132.08907653029422,308.2782053922978,329.0008829217834,327.452510459146,332.342085155155,47.84549609032719,48.8770878953066,356.78959528869177,159.15050906835032,149.9513430579604,330.3492977201741,329.71154469862336,12.777498443279818,15.073287703000195,1,59
221.84914306648307,225.40879826826009,111.6605888948847,129.59596787087725,308.11840855228496,327.7529281366948,324.9267724902909,328.6506798711512,50.32829685274109,51.8187880581153,355.1405870120548,159.3166493891786,149.8128499815994,330.3004904173341,330.3542434102062,12.758835861370631,14.90384101845605,1,60
222.6655489649296,227.44760378687727,112.198451127073,129.38662806159323,308.08744296557853,328.2430044371588,321.7693147059444,324.69113561375053,53.02198050346695,54.2614994526448,356.232838939978,158.95293831596246,151.55676793484363,330.54333503321016,329.72873420851755,12.46644851267438,15.39541032013308,1,61
223.4518366501376,229.5775331233489,113.54462804121282,128.7956729212815,308.5629484691487,328.0959051000533,318.7734877455741,320.1085683038441,56.32517994054511,58.3005301526919,357.81439462623405,158.93515796100232,152.2355234318368,330.1801085460008,331.67329094004526,12.788767118471585,15.19273329298806,1,62
226.9645764291881,233.1986936210245,119.00867394726224,129.20184443464785,314.35254811490347,329.51181514534267,315.7063807704786,315.80146603876653,59.42007105809888,61.28485993676275,0.1417256938500954,158.49584604946654,155.14044600812284,330.17022487866484,330.55286946997086,12.659802892238911,15.712063334240408,1,63
230.683302600013,237.8048124122658,125.78928833942297,129.03961839496063,321.4883240915574,330.68860707834915,311.74397518876725,311.42613294512387,63.08419636553607,64.36558853319175,1.956724556810017,158.08989938532167,155.18682422088125,329.8189219961579,320.97338106640177,12.13841081675418,22.62096962273756,1,64
235.09499409272595,243.48175133395364,138.64918622788954,129.94992416039744,334.48789270617795,333.6409861842358,306.7621061815371,306.8528122266523,68.63196789149639,67.58709158359993,4.759772907828332,155.83021070065178,158.74004515893597,330.077534520381,322.0286206746758,11.536878823511566,22.71047819040656,1,65
240.79770698488028,248.1604110864086,141.8262369432622,129.7654042368546,338.0540077803489,334.32188702766507,300.94140915360447,301.94015044189035,74.39933090665045,71.82563184568846,7.891990257277271,154.10374024886076,158.0092393164997,330.0137539709118,322.0768611366569,11.785331559708348,23.062144128945864,1,66
248.02603089143247,259.3153984083033,144.41896875363793,127.99274145798088,339.96913457462495,336.48214194857434,293.9523846289009,294.3872844348543,81.75602442267146,78.05024066921195,10.86613835224799,151.35515618858648,152.6487407657966,329.60337710383226,324.25405700200866,12.14418968712202,21.16518147520222,1,67
262.4178516755727,270.2036499076042,139.0843707979431,126.69811936966347,341.13867839752817,337.23144461616914,286.67344546816514,287.1345821474913,86.89114876792937,82.69557347278452,10.93094240823878,149.85290806954404,151.3266407847806,329.69183745828445,325.59144038177175,12.162695688573905,20.243068056877476,1,68
278.8003843814625,285.46015369127247,131.87030261655826,125.37094896904536,341.34721349663005,337.6157107566376,279.5975639128081,277.9210985749003,92.18674012371211,88.52333390339226,6.249826083782462,149.50227029754907,148.5085913945657,328.9945365829874,333.80152356317143,11.937467511932557,14.900927439375533,1,69
298.6266461619574,296.2366835885168,125.6057167713574,126.80762282700316,340.2573395192117,337.7989255112255,267.258841345645,266.9132971029017,102.50353698701178,100.65775913298178,5.370499808340584,147.42301971080656,144.46095472588144,328.24065813156875,336.0887860751211,11.59813127970726,11.989254839034878,1,70
312.64725479081085,310.3101133446224,125.49522777432372,122.8464323416684,339.2337754874369,335.2414632918038,255.65699681656255,257.481365414864,111.8015526278892,111.44768122969386,4.811554128486811,147.64448964926467,145.2197962130068,325.5675153484588,326.0872169777482,11.799697307639292,15.867676953569047,1,71
330.616027256807,321.3242429739937,117.05484652031902,126.22540669424096,335.2194736326085,335.1949800980885,246.51411135168965,245.9811761073292,119.95728939422057,120.29823382268926,4.325938805662463,147.05713660967635,148.2826541318372,324.27143921246284,318.2967568835024,12.221659208109644,17.593362905052544,1,72
345.74094791626703,345.94617770053367,114.2097658083353,114.18134174589082,332.8970935038391,328.2648291156243,236.3504856255802,234.3079623534048,129.70034677942928,128.28312091332717,3.0562707178927044,145.48830186085527,150.2696768040774,323.286619368747,313.03284114643594,12.710266625426206,13.648652702176392,1,73
353.96383275276395,358.1662957216851,119.52620390333914,116.18848427018116,331.5923729723591,326.85279745594124,223.6192124753059,222.50652672098835,144.06749027222895,138.28143803201402,1.8927833699415004,141.5804238262074,149.84497639642936,322.0712318868927,313.8111678631404,13.025677685616268,12.290831565445943,1,74
4.379726370688285,1.375942163324257,122.0442323253375,127.3247828805589,331.4926227390868,331.2765737877886,213.09000132889335,209.7087773768788,152.48037134702173,154.4581272142011,4.26874644053066,140.10300495538104,144.7984030544488,321.89299701500954,313.51315331166404,12.49311209312668,11.869372973457716,1,75
12.582589870715257,7.85400569543695,133.34495347077234,144.21848967059228,336.6862845217122,340.620864483444,203.61656923932827,201.0222224062145,160.8151335630019,162.3213395249975,6.607848041838891,138.92565321876475,147.57572964343416,319.6034633301392,311.6357054284411,12.853945942524083,13.52478692306052,1,76
21.164240524458123,9.261629662006134,141.8947924869641,158.63623470562456,340.65741253805544,348.270400596882,194.4496858715737,191.96685759400864,168.47373724972627,168.79516447331895,8.280756035379497,136.8821920316764,147.90550039238,319.25503349030345,313.9622545802216,12.603671750686566,13.549266173648428,1,77
23.6495492986963,13.535239743638252,149.51572351204285,166.3257258644347,343.88581450314274,352.42323300226894,194.91211995017147,186.55798906763096,169.33432169868396,169.41297573821055,9.41572696707576,135.6949307146693,148.4876712056217,318.8845172612864,315.48803161360325,12.406102376101693,13.986045226746588,1,78
29.19182663470784,21.53371832155548,148.65466070635804,163.10407017108457,342.7366505590903,350.41255768825783,191.5996116579628,183.6219644474627,168.63538963323236,173.69274766411058,9.224686069807332,136.50903621003914,143.51562742936468,319.74456848957624,320.8389124770733,11.948401030661302,13.507221229940315,1,79
31.12249228875536,30.177059189067297,153.6859492684742,166.45314564327654,345.3776564607313,352.3192032288708,191.46256292218504,182.8926584418392,167.50955245122995,173.9042343385315,9.452673866879692,137.9327341219342,143.00761444034666,319.4332843316028,321.14941296542867,11.980467504118163,13.161183095708978,1,80
32.90412373070397,31.19253382687769,155.03089251277788,165.06309328560343,345.98868556914647,351.4170552123994,189.8751439234981,179.8431115331435,167.97162925188246,175.4126563061661,9.389884905829534,137.81659933914258,141.11913837883233,319.5643562366924,322.6520882042692,11.946330885207676,12.654747792328116,1,81
33.542871964259746,34.03080750577182,152.25835795434045,159.1400588085904,344.1045990790105,347.872853105957,189.6455818770235,178.84314778945884,168.19879659449307,176.01060259614763,9.601295360481902,137.9166786329065,142.68585387951268,319.4885955111871,320.5145600924401,11.946295933206844,12.370112479042874,1,82
33.760785064842835,34.10358591377235,151.408641247361,160.20374890374836,343.61097775625626,348.5378589390276,188.27689727855585,178.17655392240383,169.41902795336253,177.3091369242601,9.364100440570482,137.83342894566672,145.3468271565949,319.5991886122102,317.79517840752413,11.651844736291268,12.768796195582508,1,83
32.9215595551944,31.068537035567005,147.9143724337103,153.63934666988808,341.41966373025707,344.3897433098225,187.22558785239028,176.76599608153225,169.32807821324954,178.45425032094326,9.933774413438424,137.87951764217053,146.03316857031197,319.9917244843186,316.97224355426664,11.613218885812238,13.183169761024294,1,84
32.59690727201674,28.97095800896657,144.2708180559707,151.62656229375946,339.70935788486497,343.43196258223065,184.903432889915,175.61596932927213,170.14630201705162,179.63363817463235,10.284947726033565,137.5431443929436,144.12266556595034,320.53679637608514,318.4650349435745,11.596226907372758,12.882992544061285,1,85
29.940657888631723,26.79122058163112,144.21533320778062,151.14445129241687,340.0027124387921,343.31577813362003,187.05090667095155,176.21963115119337,168.8806440792059,179.39320168324542,10.195756744590597,137.77546666557748,144.9489402435117,320.7626251024113,318.5288700489576,11.481907175873667,13.294526487021296,1,86
29.347907542757483,24.33746384495544,129.60944388715512,148.02178147962445,332.3829883089704,342.0372432219571,187.80034697587723,176.82267173627463,168.55006128844929,179.67760313815188,9.959901678711592,137.82913969566238,144.6919482158048,320.9204734787536,319.0120126917942,11.416269916147328,13.33359963415046,1,87
25.62882356966107,21.035945111991897,122.33448062358688,138.61501812186748,330.122581357631,337.4075070448747,188.512974069526,177.73633078474091,168.04115676845876,179.16554404555794,9.61228167157704,137.49457179620362,144.12577237755792,321.1254868878291,319.2640186724608,11.303137382385536,13.164696991447048,1,88
18.19057080175582,16.811021746779215,119.06545168231352,132.61825376736186,330.8906692618275,335.02197029333854,189.72845730158065,179.58312194835798,167.4383862542097,178.42904799586665,9.339397401556866,137.1529000959641,143.3836665556934,321.31257023849616,319.7713548660828,11.3082812202522,13.008612425606886,1,89
4.020589360282133,11.963673419538356,127.97772182087915,121.60473284426638,336.0529214129573,331.70785391137133,189.91571684709152,185.0119261530712,167.369722404573,175.81165963790565,8.553180112499053,136.56204071947067,142.60082176577035,322.24955402580485,319.8298291935766,11.20142063581788,12.976433631365584,1,90
353.8242286322176,3.653725710718491,132.59445645617026,118.82241009909342,337.93305439627693,331.2484085145703,191.74297770330816,188.6383724205749,166.4332076603377,173.3348153126474,7.13948343667579,135.74180475280036,140.56270064213243,323.30633525022887,320.6804614245019,11.107473295357746,12.651959635253013,1,91
346.07994715240045,355.29172232042964,130.3445823280591,119.82181151498833,338.53498048284666,332.5641682300616,193.44559940795108,188.71997825592544,165.89548791260862,173.2379937342272,7.01495109921441,135.28700943735723,140.23542427302218,323.3888364043742,320.8671796509722,11.107734850970049,12.69050962062544,1,92
338.7548410734061,349.28085514869355,128.24529446825392,118.84042190135328,338.5751745395176,334.1186315054812,195.526231018246,190.57787102194592,164.8699867028088,172.06947603893104,7.371136546903401,135.068240256307,140.913332589779,323.48429227355376,320.53234225594514,11.101236200241438,12.978657425950038,1,93
330.0135802087971,339.39584607720315,128.4462501271207,120.61154064314954,338.65953622184253,335.759669066418,200.80161621090096,192.04269175569937,162.3240502195599,171.35874234024936,9.339374296946303,134.59382492942512,141.85453250223094,323.4691834317972,318.6251440040244,11.087349770035525,12.995169297754146,1,94
320.3153169261031,336.18790955844486,128.2066236455649,116.24820807409662,338.16523407087755,334.6919233481205,208.73436290146964,195.68609597037607,157.71738702793022,168.07832856786095,10.544299104289458,134.7422028178038,142.22326152564003,323.55926079228385,317.4524612573595,11.100018458720784,12.067615861301062,1,95
311.024403244754,319.850883891182,127.57500191621249,124.95843542685633,338.15616715279293,336.0341959167207,215.56983692776697,201.0544263085425,153.1900822619519,163.79420064294038,9.736056891853345,134.9795156917193,143.73312906587864,323.79830258220574,313.44486968497444,11.01381946244921,11.360650975867516,1,96
302.7787857270834,307.98263301561747,131.74399715714327,132.3063045625269,339.0540737400079,338.2914525547065,220.01477050569264,207.23731334230027,147.87793099897445,155.64242793686356,11.916466262506656,136.5770249724715,143.12545465753783,323.5286062630989,317.3731905534145,11.1423312684842,11.09496507917286,1,97
295.02413941032984,299.28094020213086,134.05238990687567,134.98408783608494,339.19230809958253,338.47872414149623,226.97280181966704,218.7936025913912,141.54933248393505,141.8868024020438,10.857686972886306,137.76123152172394,147.51113347903458,324.3527044146512,318.34450064501794,11.094697514432047,11.619881451354225,1,98
286.9468747698474,294.3425360727987,137.03555345975207,132.61107970750206,340.15754219378306,337.3078928832816,237.74531613958297,230.28773870482524,131.80655692722434,129.96490537036462,11.089445138862532,139.2554511800586,152.2447248245388,325.04104903594106,314.86213248804523,10.9015099534408,11.872862555942527,1,99
277.35300071657537,284.9949328084298,140.03152542336755,130.30167061386445,340.41134611177966,335.095310678056,248.47190195493903,243.3305624474416,123.20851142192733,122.95884478758435,9.87471158647686,140.9333093576916,152.2389882510983,325.1446380101448,319.8378976546031,11.069377310029846,15.052123117305053,1,100
265.8927428077612,275.9449433153723,136.8435655886799,130.1856718004802,334.8566389846273,333.42208082724494,258.142241366469,252.0083879347431,116.92368716695394,114.49066369245608,8.114833002707364,142.27848511868277,155.6629984654221,324.7501801815624,320.61862648938074,11.010646862384007,14.759125361022353,1,101
260.80477736878566,266.8973059679241,132.1082818961183,129.22281039047024,331.0147478924859,331.729903987689,267.5410014293227,262.39693891156674,106.96200175073074,107.83816667528454,8.532283805288296,145.1629674007259,153.9640473025644,325.15355107626505,323.4424468116609,10.88540551804046,14.516450425566402,1,102
254.37515462112952,261.0757990837748,129.70198385883424,128.10316288099006,328.18798468127306,330.8497240408515,274.34588948912085,271.6254998144772,100.66134571385572,102.33394128585066,5.228294486988204,148.02807558461083,149.833268652907,325.41287643557746,327.9567185295549,10.725050004185787,12.279845059369366,1,103
247.8447166179428,254.223765941323,128.28265168077365,127.99377659169656,325.9764630812648,329.7308389928841,281.5264097178286,279.3815410376377,94.6807153965232,94.33577639460069,4.902460655258266,150.79284082505097,148.1165819386807,325.0283751727132,331.68963411708546,10.986044732814452,10.484166764064629,1,104
242.53629079030267,249.502209111432,121.05876362575714,121.83834026503946,319.807305935533,326.447159822253,287.867619849368,286.7497278584578,90.97573125939222,87.89388592962267,6.165538721212099,152.1344061917765,149.37223762942295,324.2399205859059,331.9530082943939,11.755313994545784,10.417045727896337,1,105
238.4526319176925,247.16358181803747,119.189372763702,118.9734391162024,317.2477548879258,325.1439804857659,294.73335079656795,294.5669414495497,83.47987378037439,80.47165130437335,8.08110612525622,155.38783616163943,150.7066542233752,324.00152372477027,326.88697193355057,11.674518442765391,15.981327723845192,1,106
235.3129413027448,243.22426828625944,114.85800400420166,119.85406051882826,312.5039543199581,325.46215182034484,300.3067321166275,300.9865576526411,79.36072485361389,76.4351799610234,8.061980054029458,154.68915783324522,151.15680793767854,325.0750809022986,322.94066764047545,11.339710683622778,19.40531641201876,1,107
232.84414523533007,238.45795039466884,114.17689366582364,119.90206681224976,312.9350832583788,324.69753977212645,307.04679584866506,307.4482547204054,72.93953217144754,71.58412975737821,7.643629248576668,154.58261966500544,153.12862946428945,326.5870284453288,321.168393167131,11.04394255129952,21.871946547852897,1,108
231.0029622950251,233.8308543177648,118.9827820849039,125.42509857404866,316.78198847839053,327.64851344714583,311.09629509730973,312.30635021342584,69.41930144970895,68.91843866136635,7.460929720479818,153.59536721716924,149.2976982989977,327.7776912512118,326.6793466868486,11.368381393323975,17.773703408445012,1,109
230.2447946993227,230.7659061247562,118.82552259955828,129.37035752881928,316.6860203012243,330.2613887309452,314.44827522346657,315.62618897269164,66.63976190353065,67.7880940336461,6.186281164149755,151.1255949000173,146.6942947281265,329.74764633353453,325.0416877948542,11.681188418045528,19.042165223421133,1,110
227.37370199120485,228.36855949653145,117.64193928227634,132.98507360039312,314.37679458668055,331.3015342468036,318.00094896971893,317.5893513444125,62.95763636881957,66.02862540011337,3.382597166088285,152.95093715700352,148.75037970472408,329.0890749633036,327.6444778037186,12.151393527415795,15.906930295676782,1,111
227.40022704245385,229.18051956845275,117.5895527607732,132.06045956888602,314.8866600425435,330.9866697079769,320.7579738419582,320.4408642067397,59.63871484919584,64.18240452184347,0.9986713327466004,154.37121171854162,148.943682687865,328.98276799210186,325.4635410227428,12.261213477432973,17.113210750154785,1,112
226.86878815749728,228.37480500158185,119.09774637464088,131.96882135705124,316.4772441408777,331.00106575207025,322.9486254946603,323.0470736398853,56.71697135142706,61.74819424181276,359.2733028598429,154.54627203505618,151.39124797250227,329.7015764061797,323.6833782758404,12.080230334144751,18.209127142135777,1,113
224.64740802174103,225.4047673444136,118.6097441871238,135.28584818002062,314.3977245154057,332.58881434904714,326.0122742202054,327.7837979913727,53.78128755807111,59.08738095045243,358.67754431329195,154.63670614146784,152.5898656156336,329.55608826876454,320.46876622006897,12.006415609432873,20.271799892596,1,114
224.67292851227296,224.77837157817856,116.03644112614388,138.4453459958525,311.797444374644,334.4577399435081,328.40381251971445,332.01580710805416,49.7401470445491,55.54878088569937,356.9903398624863,155.30641623869624,147.79327238396647,331.3460112168926,321.14794826719464,11.616944464311082,18.86393220720643,1,115
223.9737540779449,223.85887653207385,113.80206745587417,140.58105963127204,309.9708061266806,335.8239593402069,330.1335731777151,333.9283827148068,48.052945711505714,54.07335611299476,355.45313964519966,155.91712773256833,147.5995933515938,331.7460218907371,319.91102257952764,11.400915009543745,19.979493683744685,1,116
223.4832456744685,223.7598609712709,114.34897062845266,140.32785834591763,310.2635328207798,335.7533459568745,331.4563048695018,336.24096957207223,46.3439194415541,49.8143585856589,355.7159789143374,156.5198909384532,151.86089882455605,331.66835368064204,315.9725460992,11.495744082590988,22.790158143502737,1,117
223.06928552320292,225.13399471385043,115.79533562199671,136.9528620421441,311.4089348182121,333.8516957308078,331.38052474941253,337.2834703183552,45.195473009552416,48.78376002488888,356.3510152309535,158.13914637720143,152.46606037838043,331.3269338703409,324.92894688828835,11.616741722250763,20.517048584501943,1,118
223.36617880263057,226.51647076203616,115.9716385841628,135.85751983753104,311.5227219911006,333.40279749220656,331.8317912882022,337.5899597704636,44.25302628149367,47.86214684450213,356.30844650773133,158.06479721681464,152.60399251299003,330.483559021426,324.0308645868424,11.759791866915007,19.253319969892384,1,119
223.70706703470088,227.6737674804292,115.86115564158784,133.85877937660854,311.65868040491887,332.0264340388508,331.6210216709845,336.5696625640582,44.13770468325946,47.661137209363496,356.31103112571293,158.48528917389507,152.97070392721676,329.98292628267967,324.3855045058944,11.837468583301284,17.895795048321332,1,120
223.92885817753128,228.3536397636672,115.80387427788992,133.39034135011647,312.0272988998009,331.51008851195286,330.0480912529457,335.13734575190534,44.67036875999956,48.799121324015246,355.1395682012908,159.5248537579611,152.30494057010873,330.0438694909208,325.6045602104048,11.857073001188256,16.51823606079744,1,121
223.8399797664322,228.42122356685945,115.0657949490749,132.10008218842182,311.4311046750517,330.2038043952941,328.3728819482801,332.76593252456024,45.92673442210666,50.135126234340376,355.62509213230965,159.86240559810264,152.47954628586365,330.28397191497703,327.2560487624026,11.802439944242437,15.87250031462976,1,122
224.0302066235073,228.3878735722783,115.00223566686437,131.78608292633524,311.177353868591,329.5276843464915,327.6193633218843,331.6866306315635,46.90845548380544,51.5274241127041,355.3981052982891,159.40627478718608,152.4067056199692,330.3996287573757,327.4935208864978,11.815159148046655,15.8070556975274,1,123
221.9593911896752,226.35415325767676,116.56880812064276,132.23282150526632,312.4786542978174,329.08765312115565,327.33128948586915,331.3212818967382,47.74429487812851,52.88140227876743,355.562294393088,158.56412684626932,151.43914124732143,330.7404465907242,328.97534150805814,11.80269442301785,15.36456925961128,1,124
222.3635878183067,225.6320912629056,115.93522815709989,129.00722928691513,312.38293104667696,326.9264880584774,324.8749957093952,329.49386890051005,49.91742811001901,55.12070037019274,357.6238435864566,158.41657903113446,149.60223459228885,330.8406013077739,330.397573611774,11.770691710505726,15.03686862233364,1,125
222.85064105363705,228.7056892400504,114.66284383449126,126.33571492410589,310.2629328342639,325.43202129365983,322.4367108205595,325.4491540754349,52.55394728621469,57.537996639945256,356.29685684907633,157.68145569124366,149.79862218150012,331.4296827179369,331.1711535286074,11.762090905455368,14.914074027949894,1,126
225.3539430184449,229.4601121477876,113.9066544126168,128.02799692755625,309.7714325624095,326.7937444507692,319.3348521901671,321.7944862486597,55.16694142743485,58.53274396495701,358.1370674562034,157.32457682922168,151.99671982044683,331.6239665045289,331.0684501308224,11.677725440772871,15.169511929118029,1,127
228.48689244936332,232.6499210235629,113.6210628891448,127.40389557098308,310.96875935305496,326.79691783258465,315.9478893515834,316.494813872574,58.400480315137166,61.63077043509272,358.4564675521676,158.67873686120316,153.67855045546176,330.7493316816658,330.92865637457857,12.19631743554315,15.652191032279813,1,128
231.792042257408,235.05907555909937,116.83786071851011,128.29869264209265,315.4268615768308,328.3604833971573,312.92319414828347,312.3855580571967,61.836238023636845,64.87674557822217,1.833617441528156,157.82572533100154,154.89749567535844,330.8025136089697,331.8534694101491,12.199609543086652,15.598733927564371,1,129
235.35260450452284,241.36075894048005,125.34315262214788,128.4158587275313,322.4757921787101,330.6630023066295,308.9046246037175,307.9315032929423,64.6521329963429,67.20114245653377,3.326557933723388,157.53620464007625,158.1431607330688,330.3941414431972,323.1059850310589,11.68732119213453,24.333037316304125,1,130
240.30746522280816,248.6109892318236,130.1813172789508,127.91570137529835,327.414432642953,332.1618064173002,303.0227159034732,301.8624378368695,71.16641298759195,70.28700335340815,4.115498874083678,154.21849327480547,159.05638299438658,331.36638170630926,327.4666081661155,11.116776361687776,19.86377035464408,1,131
251.0648793572865,257.4036248521375,133.82991863321922,125.54094421347982,334.2054267842871,333.95049433250244,296.634109393311,296.74001061418704,76.49910411618373,73.92629187144661,8.945001274466428,152.700262648513,155.89312379287009,329.81177807229625,323.8569215108172,11.703980772422495,20.20050873833064,1,132
258.27983780724435,268.3843004103436,136.62272628341856,121.8005378744498,336.63225136641165,332.6969565537605,289.413282018162,289.4253642459883,84.07816380315269,79.88573720918035,10.381634410625434,150.25255926198022,151.0107349705469,329.4201007241914,328.59317555394915,11.85360954750723,14.978135162137727,1,133
273.0008764669842,280.9265924345598,132.17666652040447,121.49426465571092,338.5209944608808,334.1581494459824,282.0905911147436,281.578944877301,90.14099555961052,84.64949960731252,8.221070327704265,150.13069974353522,151.72636805024547,328.58860409134815,325.0702770792077,12.045725574877714,18.839728458644267,1,134
288.48523349258875,289.5874357284123,126.57386664609328,127.0017590935448,338.38143739862045,336.6079094357082,273.1193434313303,272.3631172440417,95.88918004622928,89.26179357960196,5.249851286656419,151.73375734084323,145.6734836140214,326.2284500648006,326.4588501666259,11.454180119112475,17.210618124092424,1,135
304.9799032785576,302.2637242389807,123.592083973351,122.3126481981871,337.9551729795359,335.077261846126,261.6944537714885,261.7260901891714,104.409032725251,104.05372253886009,4.362069041270747,151.83838996152605,146.3059081075044,324.52367714861725,333.3188089674832,11.576203060362822,14.315066721787414,1,136
322.5566077463025,321.42854222918834,115.7075466710723,112.63485048953558,335.39271467118374,330.61230937590653,251.52220557510563,249.2281180092999,113.32644910205715,119.15698987484524,2.152171217570623,149.2610245806561,144.4305030123094,324.1941336701164,327.3530033474783,11.931682561428948,17.06042845858688,1,137
335.2489891679737,337.2215957937807,115.52830646630724,110.94915939217694,333.32325049811124,328.1775091595299,241.82458794397297,239.6204713970046,122.998727352297,127.14890247476012,0.5306781834299563,148.0121417090649,141.40418926984606,322.5669095508412,327.3232883432434,11.979305260355376,15.965695318673344,1,138
351.3455724438991,350.21885016465654,113.3289440500983,114.1880895261447,332.0050527252364,328.6839515031176,229.08805699268385,226.65023773457204,135.9903898310446,135.38423166492043,2.2419492825837346,144.4145653668403,142.62805392367866,321.7866708535395,326.7398468277753,12.325868234566476,12.32960001015288,1,139
359.7601914871524,354.4884398374475,114.93713193374904,128.65803542375878,329.530747686531,332.3513663453713,218.01269368064564,210.13024890264327,147.60163802491795,149.8604753754405,2.4624804364038697,141.67546998807788,133.50801346687865,320.42594226508305,332.74801639034246,12.370809067210562,9.003396958688532,1,140
7.443256849316068,0.0575448072545022,123.98028349939722,136.53627642875068,332.9913556455679,336.74867036578127,206.2855410969437,201.70538884248336,157.99159406702628,160.44359829295013,6.47388105743031,138.83516986556847,133.44038217642674,319.8432976265902,328.7060200438718,12.519205301021698,8.977155199671857,1,141
13.408351134133415,5.762795074523342,135.90880844214803,153.8608003746336,338.4282339295826,345.8003566378774,199.79183973222644,194.10417772057053,165.262170117907,165.15217371154912,8.923092670176969,137.8316904713459,141.76343172377318,317.68595286568643,322.3370394612288,12.893690235210183,11.435469873603823,1,142
19.54877282758539,9.146788571735147,149.2769609889602,163.94896337552507,344.29624751095884,351.1609812695792,191.5411872190693,190.07204844513555,171.6327306181057,170.0637463326409,8.86568268618616,136.6297503849871,142.96434001091313,317.2597482790717,320.3662960654786,12.510212718328509,12.852064052100843,1,143
23.20505758048893,11.422860553539858,159.15041056528784,179.679547071525,349.2304239860813,359.8204805063439,190.24488219046071,184.68368477687804,172.41547852361626,173.2734587560207,9.766492349886107,135.9587919034774,142.90931139159483,317.4690827169465,320.76092817093894,12.229003306741172,12.673989485611118,1,144
27.051733393604888,20.380794989974568,156.5557322946081,173.0898498176672,347.48129593362955,356.08371846811184,190.6382065070748,182.8385060792425,169.54849527576363,173.04171957061703,10.217324753501108,136.76725853799138,143.44864173806607,318.5166084636723,321.9109900964808,12.324603952070936,13.134967544951923,1,145
29.5805486607071,29.11463099324156,157.95498940450477,172.37098829939728,347.9337931482869,355.71575351975923,191.9558551538724,182.70278691039627,168.3054985453102,171.87670144231544,8.624274370401736,137.4198940484798,143.79558540506247,318.6652648013825,321.98642472330664,12.203763138594669,12.802031686185629,1,146
30.684174467242983,28.6934394581458,157.3608513482573,163.34921910060456,347.43123533628693,350.30841784944084,189.8431257513496,180.5617131901509,169.28514596211676,172.66173442410147,8.812237503764642,138.20848183490074,143.08227917617498,318.44085837696514,322.3668453913725,12.286598373779592,12.717325695904702,1,147
31.3531293498762,28.19402591736977,153.99480636212854,159.13465354078787,345.3394630131459,347.953554404929,190.23074011244472,181.28788523898248,168.9876509335826,173.0725201341752,8.173256551123908,137.84531868455005,143.64002207298572,318.95945974001097,320.9615977964858,12.089619732081282,12.732426072743069,1,148
29.72583140241819,25.35135492072212,150.462355356851,159.60314413019418,343.4092398402472,348.1594818089432,189.2807308353288,181.446404151919,169.4877408811872,174.54520276006153,7.856295445758636,139.18225933279544,145.22336813882194,318.7950515889621,318.8039114308156,11.58789237974409,12.899714517940115,1,149
27.607334353363346,21.610284549831096,147.75084588245676,156.77240159424193,341.95852121207787,346.5513779938493,188.33792701411545,181.54677373195565,169.99889498069686,176.18532185928774,8.383795933620819,139.11419705717023,145.45850077872933,318.71273294330274,317.6180817106739,11.398599577831927,13.135660878195544,1,150
25.2215515582334,19.262900944012053,150.9331333829208,156.90723944134112,343.9329163923366,346.87660071548254,189.2544176515498,180.75978779573884,169.05207039030049,177.27674695794835,7.700944894858885,139.13052110046678,144.23133240067358,319.2116456211351,318.2977345832941,10.998586588499672,12.875511582780645,1,151
23.080332363935163,17.113138141491905,133.16971841659057,144.56195339115652,335.52121081950946,340.7780091619969,189.66943867914785,181.55103565865608,168.48212889888362,176.5696106183283,7.22396300907157,138.23447473404744,146.3914386117847,320.2924720807701,316.2014001925889,10.695990867580914,12.939527639396974,1,152
13.643502936849234,16.100595807935406,128.04388006282866,129.9668465316395,335.1160630916665,334.0272868814007,190.00489853275843,181.30864869986377,168.21034052044484,176.7977340602567,6.312252937127537,137.51783168374277,145.32202995536252,320.86661903223,316.627214734763,10.629363283312786,12.957476003751523,1,153
0.1762180782084617,10.735378502482284,131.37756044208072,124.20144441956964,337.7851401373016,333.42174061085683,190.69960169315337,181.73002096580905,167.76668940105137,175.9986553490101,5.108026137052089,137.24483000970278,144.8782384169006,321.1619262509432,316.9589800987836,10.670150443991886,13.00477438528469,1,154
353.3121723124851,5.288198155989097,130.45155769639462,120.60086366432476,338.38007638503103,332.6737238595102,190.88801666695963,183.5220084627305,167.52771666554733,174.5920941995902,4.513597798032551,137.03333192966292,142.50397097192862,321.457542618254,318.3389244144402,10.679311011283936,12.333275522813643,1,155
343.23497650002975,353.591097422578,129.093648923229,120.74691449123335,339.34737306127647,335.2402636850928,193.19925243950803,185.36446986802127,166.16025973055386,173.67454767290275,5.03878548646511,136.91343949576654,142.0807768594387,321.571007521364,318.76356351572576,10.765465957549004,12.070791666164826,1,156
331.20032357259123,343.8213853549206,132.77024460381955,122.01960192860224,339.9941419119027,336.6040832236329,196.04978208734823,186.97417816880736,164.6942938452731,172.7875326844187,5.72859084848093,136.6394858054356,141.6968848521824,321.6553248212672,318.9931702977932,10.863603730783726,11.915442568770665,1,157
320.5380658073339,328.10543431016873,134.85414487297257,131.02272000613914,340.3567756265304,338.90264768800444,201.09239236647488,188.3593010770338,161.55733989022912,172.08908145179342,8.952673991473963,136.2368539878522,141.62481077129513,321.6876863462292,316.4968470138604,10.893565586764572,11.58253211490045,1,158
314.2856252189327,319.087141382279,130.9309622578934,129.83812647581803,338.5424542226474,337.8252990960526,206.4784417312393,193.10148520916175,158.20740491786214,169.01204284903122,10.077918034095038,136.2304506741339,140.7605328876575,321.87124178679625,317.497868531544,10.857973147406913,11.383748761816635,1,159
304.4289652648848,311.3474761649298,134.97772325737242,132.7535731491198,340.0303510506591,338.2552373939929,212.43493997175185,197.02556439762947,154.6751874196593,166.61282014186696,11.462142772518098,136.1677858008775,142.25060611916885,322.13734872517745,315.4582246597331,10.916834872899344,11.381028116749093,1,160
295.231244995366,304.582796432899,138.02761207932377,133.43754194294823,340.8091994932528,338.4858583704513,218.04604352729024,201.40538363158208,150.5821795210187,161.49017149706694,12.655416185879169,136.47704712956696,142.1179330475792,322.3739389390131,317.5432248751419,10.746758254962463,11.592073821984776,1,161
289.3652654200243,296.8412932248629,139.88236030093896,134.83445593439836,341.0900554404817,338.5867903037634,222.67590616898627,210.5738970200867,145.43036153312218,151.60865546311643,14.765523421464644,136.7000072837951,141.83420081579956,324.02453082445936,323.0798021815016,10.909050603811286,12.867751216137172,1,162
281.8818323259374,288.7810502089893,142.09541795265193,133.99168630671585,341.0045194887046,337.36671506674026,230.8108613976488,223.54707307121967,138.64941010206994,139.16707259020552,14.614348854395756,137.75621674269394,146.83133448294825,324.5894986250198,321.51978350848464,11.016880256657272,13.58290972960329,1,163
271.8617371466992,279.31698761832183,144.00039552308573,137.306327124984,340.19863000912767,337.6676988678203,242.2614074023587,236.804732148094,128.9924008065632,130.11725645983844,11.403216508926151,140.32280787018846,148.29802980882656,324.0712944381149,316.2176102249598,10.977296787326996,16.99928114340442,1,164
263.6142213888982,272.98609612409774,139.1027658227969,132.37835418226874,334.70002370255906,333.6476506095893,252.4988909047354,248.099960273638,120.68294612672172,119.0923095981107,9.502188625833831,143.9049747965313,149.98686792770658,322.65709568990343,320.3883239634942,11.28742655326082,15.532122097439943,1,165
259.7202729515154,268.1645447524473,133.27634398370452,128.9846074703956,330.0590630610948,331.2453772846834,260.24831808503774,255.78140741376325,114.46042423419146,113.37788958706253,8.964759365615283,143.883534689239,151.15129897937334,323.87001750421206,322.65774993464737,10.806545643963055,14.66817602408951,1,166
256.4618186170979,260.9461254777847,127.80759822113583,127.63861715462713,325.8916534519892,329.52694288503653,268.88409656034565,265.7504841922724,104.09950118614624,107.78757130961274,7.787782874778186,148.59166598444796,149.8778472660229,324.0230578289659,325.7360769211058,10.85257356963505,14.372516069755845,1,167
250.91164586541817,258.3970706649594,125.54857245943396,123.5471736909454,324.3441460515756,326.69905170573946,275.8994477379281,274.0233447110631,100.4412480079615,96.60973380416276,5.2226306893608925,149.50450808157885,152.49380098758573,324.8257200603947,327.40953685412046,10.350772281501962,11.002443274408002,1,168
245.55929739507985,251.9569859947497,121.52493256291947,119.40672465955852,321.0070073009976,323.9283247469655,283.1633399333933,281.63358895140846,94.00816936673682,91.41956824924765,5.451395858978388,151.50874683447316,151.07544936113166,324.9754223743285,328.1185477228168,11.148801616980188,11.215237352916144,1,169
241.0183151451941,246.34702987480608,128.99379439540007,123.39885282851328,325.3277679889403,326.69336793700273,290.0857502441329,290.3983524924509,88.9987235658997,84.9106786890155,8.352115094406754,152.54687963588512,151.88533046826478,325.10253406184074,328.86060658041674,11.593448721816014,11.613567741323664,1,170
239.61782023330625,245.22477200059404,127.21787817341746,124.69754693572231,323.45021138963034,328.2776630383954,295.6008247322852,296.13152203559355,82.41492607988985,79.51822224850328,7.611877408264115,155.85386484204972,150.77416755610176,324.30272868744964,326.2984550701136,11.863036130657644,17.546158513026075,1,171
236.41260859683564,242.1682986169805,125.26906246922482,126.03547970712248,321.75414189775654,329.11481270298543,300.6686644039358,302.0696331014362,77.46223382666064,76.40389497601248,7.418342556280116,156.2120378086259,149.36474662633242,325.62619769283623,329.61639442489144,11.463300510304435,14.823998909966924,1,172
232.96912907781973,237.1576186049349,125.66089893007108,125.70400354247074,321.55300968895926,329.0204385148793,306.60646094860635,308.1534110250947,70.49104470420636,71.69091672612352,8.293285685421976,156.55147358116807,147.2342965168139,326.58977400568955,333.16390002562173,11.144258542452096,13.281282688498564,1,173
231.00923110638493,234.18043869248285,123.9371500893206,128.31186492539314,320.60426763873727,330.2670689790912,310.77998390849586,311.98654631402815,67.95474081276119,68.47639930430698,6.890996674304976,156.29844662355586,148.86271796383727,327.3497132975485,332.058045402977,11.313029688727848,13.43620128284439,1,174
229.94970303846523,229.31431025264115,121.39620819528794,131.2260111491608,318.17157848619206,331.3672893953112,314.15953493841846,315.3839209371191,64.88462893924003,66.76276320222543,8.173951151243928,153.91406128417736,149.44420583593595,329.36175530521103,329.6383214227178,11.290500890984134,14.011577839987126,1,175
227.89768382645232,227.95264185780496,118.54494251252312,132.23127031198507,314.3798213918566,330.558200216188,317.82302926102,317.7757573995223,59.87536832226157,64.4261945008974,4.399881968995655,155.5548252696094,149.26632868152635,329.3963978850311,327.2310605174658,11.515742949564002,15.877718224685085,1,176
226.1069922964023,226.4109902552204,119.92150486159476,133.8265436548268,315.0509303908633,331.3412469991482,320.25214811015053,321.00070011145834,58.61876258775521,62.493976575230654,3.418058912961178,155.6844464087779,149.28964036325408,329.36225076345715,328.2484151779196,11.603642602544044,15.051965768521624,1,177
224.73799995110855,227.4752845259061,122.59888244625895,136.37854166978516,316.965214578065,333.2499475299811,323.1645959634339,324.3290871020308,55.43248272189565,59.36618640696352,359.83931894080035,154.7942606348294,151.08813300373555,330.4543123564068,323.1719895542822,11.233338580454063,17.653378193303663,1,178
224.9913903280157,226.39580177328236,120.4960608822719,136.79592484036434,315.2972064290172,333.6491091454235,325.7006106557752,328.1382737177365,51.40095681971898,56.48207121422761,359.10211046655854,155.51054561751124,153.2571397681334,330.8667050469402,320.83108364711586,11.007178299716175,19.34935274164323,1,179
224.6412415747604,226.08870958389963,120.29664557764184,140.66215124467624,315.5001323201075,335.9484243051603,328.0639411804766,332.7216098227837,49.00409743352267,53.40544788355459,356.36870839267164,155.9881512591159,151.7502952643991,331.34094693020603,318.7650462824636,10.97565704144544,20.25396314188947,1,180
224.3210190738681,226.00862556557428,118.9910567738402,141.52773292110513,314.2763576980408,336.6186484601212,329.7381015045586,334.79791386476967,47.8786016806211,51.995826249945566,355.5575276097622,155.13322809828583,150.30858680235394,331.3191462210807,317.98454533999774,11.05939662664896,20.225199069760443,1,181
224.4432559224504,225.0388738655744,118.70280942434373,141.34301645915903,314.079070126198,336.4945776293709,330.68901969251726,336.4087268182367,46.64656822821452,49.26159367522157,356.91794300993814,156.44748588560242,151.93977558030082,330.92192906128724,326.14934626048523,11.38538158308902,17.60984686322058,1,182
224.31247655200133,224.46679786689907,117.3751446666645,140.71573429401556,313.04214755598485,336.3334506925855,331.6995350397166,337.820702645377,45.22654997733028,47.72295773207581,357.7331321963528,156.90222210738665,152.0100647916608,330.70028863732705,325.5358782775087,11.551496484720197,17.489312221361246,1,183
224.56238076304396,227.98945056557636,119.93450923061184,140.7234903844884,314.99262658644125,336.56252235441184,331.72096578201507,336.86618903818027,43.55086971855079,46.91788721577401,354.92986039969696,158.65051320561437,152.77039480101115,330.00714570562883,324.28412885090273,11.578473937285665,17.84946405343982,1,184
224.792009799927,230.102058142942,121.27458966121614,138.78726618924492,316.41835238603767,335.9521761351251,330.2775103650336,335.2014545131684,43.124036401426565,46.16881705123935,355.3296190778576,160.89879011155512,153.91781409797014,329.29373408909174,324.0334803279029,11.724335210858436,16.400824136562132,1,185
224.96610142331463,228.8802342964024,121.85060497086548,140.04956116589574,316.9135438963538,336.3702438179428,329.4705023372879,334.1401333581185,43.13623960901845,47.71715481390366,355.8422187311731,162.20178286478958,152.51314916105906,328.4288348108547,326.9456556605249,12.142637971199344,14.921738627463911,1,186
224.84972219783089,229.1749230291937,121.53051958093845,139.6052016112293,316.6598096403824,335.7283365606171,328.6508606233943,332.44050778903056,44.68371319372204,48.76110631333745,355.97556787121425,161.60762685122972,155.08179599772674,328.2428579796685,324.60562994887334,12.658019519729908,16.28282277149412,1,187
225.3596827639896,229.1460476162069,121.59370945075273,138.12338831355294,316.75313655612564,334.0380889647453,327.96438055909016,331.5374366517822,45.43561567636361,49.5884380365592,355.8223756155961,161.23708062281418,154.49170287869325,328.31235668674753,324.7244495239874,12.642395571068148,16.215549126251037,1,188
224.03598717979517,228.0227896625678,120.78914904646533,136.07807429027196,316.1817492537101,331.7490948775109,327.2457576058289,330.91323522782426,46.24676585783804,51.23447432065038,355.1360450542353,160.89941960888828,152.88852043834746,328.588460197888,326.3739177628248,12.568130715060317,15.437779046787607,1,189
223.6571892856872,225.89771576745363,118.58362823241792,136.95353277322042,314.3554365474716,331.9369647570069,325.05942882611134,329.26370630095323,47.92820954246684,54.29494175444954,356.7167233660288,160.670131479897,149.8390725359288,328.8593095098171,329.8645287135003,12.542375450210882,14.01050559559824,1,190
223.20299312732715,227.54026759610792,116.08946129425368,132.8130558704993,311.0600425709122,329.29184680936135,322.6716079371105,325.62911102678635,50.13951697875055,56.95473583195063,354.93126724841164,160.92072660980585,149.3756748146555,328.869801265199,330.6614743662867,12.609550300540915,13.752060365596463,1,191
224.1684653146316,228.99194907210992,113.0661210979798,129.34866339586387,308.4266172131689,327.215148114854,319.5459379146323,322.0737200534522,53.31447141057469,59.44859662431645,355.80238064520586,161.29892053713354,147.66133453694405,328.808909254564,332.4473045943915,12.485524359866217,12.75095118190679,1,192
225.13820585406827,230.98926167215507,111.5453804014564,129.8518564573942,307.05259004802065,327.8552194246594,316.68589104126124,317.2840984441173,56.85527946225324,62.19692680956997,355.7148424914769,161.15806095353267,151.0091743135357,328.6065752575117,330.89924067319714,12.550392120135362,13.627196596457996,1,193
226.06568748995895,231.84027088555797,112.21584523966744,131.3481734469619,307.3704798322992,328.79832183833315,313.9584574732805,312.5235491710333,60.31173750670726,65.0513373549649,356.96237800245115,161.0199378740643,151.98749257080243,328.07171961471107,331.2592173618724,12.573923483455587,13.386064235350558,1,194
229.8250102082414,234.56638358663488,120.69522090453609,131.872797185779,315.5377406882601,329.7873510576323,310.255935134804,308.5736727657749,62.06044628804517,66.8880019193875,0.5005014564247586,163.47490670447615,157.7435154032349,326.4492693386208,329.17571377966703,11.557112330958436,14.595105453751907,1,195
234.3907060082721,239.4843080351718,124.53637691448444,130.64664606425058,320.13517492161327,331.0961580949749,305.39981942439954,305.2517251634808,67.47579726530078,69.09829536373874,4.156132185136545,160.75489735669555,158.49937297018812,326.87398405922534,322.31508602547643,11.360869282536036,21.85213056202181,1,196
238.28576029167084,245.20501489283063,131.22302193505314,128.00797967709167,326.5553163066356,331.5479027634147,300.414478267719,301.0801534436732,73.02139901309847,72.07620558273979,7.61939269302313,157.51273281293786,158.72966170547986,327.8685984193606,320.26842639610226,11.550644433791993,21.62200200427838,1,197
244.217509035943,250.76476277956672,138.1698018746753,128.2570452622639,332.5521110969586,332.7024359321183,294.8981102081464,295.4570648185717,77.43998535029607,75.52296570598993,10.444355742014638,156.41956389308024,156.38391941478298,327.6885445989141,321.19722623294336,11.687451016276569,20.926189847300225,1,198
252.27514757351412,264.3514345728896,137.77921774480282,121.8207863520979,332.9296660299923,331.355210112471,287.8274564330013,288.7665218061451,85.38817723225735,79.81868140384755,9.561760928240126,152.43482064831397,154.75840157475153,328.5767382761999,322.5784604799589,11.73981475858919,19.79667132043689,1,199
261.3767743065628,267.79671764243125,138.13993571360416,127.32030899200606,336.7630118031826,333.8325864873836,282.04295597859783,282.8460485961399,89.822176910851,84.49505409439678,7.598186588412769,152.62339329848632,153.49450396242062,327.2762966400251,321.9551718068957,11.807325956749231,19.38567701814741,1,200
272.2530242530303,277.4462402547786,136.59062045903875,129.31816568096306,336.55697226381056,335.62877390360416,272.4155717950323,274.0195891369001,96.27832779072484,90.03181161057158,6.037758555288382,151.3531954658257,151.77464301193604,326.61093886553994,322.8975727490729,11.251262566178593,17.60427308825525,1,201
291.7602392515668,285.84871049142816,127.8401021457616,132.00655104263564,336.4583906614242,337.53491215058256,261.4436608608324,265.0505779043341,106.33789958960612,101.59009330794558,4.7248886326535375,150.37867042094294,147.97149878636105,325.14382093088994,322.8820951258864,11.44339376582937,17.000025317666342,1,202
306.8878504212124,301.99873701365243,124.04195445511098,129.34642296435797,336.7435338053911,338.2400138477459,250.74368506920925,253.18950889048944,115.81300184865336,112.5678165779153,2.138298272321583,148.3282710174652,150.19954263565913,324.437686902368,325.99818679248364,11.587908381422327,15.405558875526117,1,203
321.9368585916248,318.24705327321897,116.24959029823262,121.5923509874971,334.1095135068481,335.5711112383905,244.1942073576961,243.6908325260275,122.97619148949262,122.44579293721178,2.7920362234227407,147.27216981189622,149.10722568011423,322.4255995233237,314.5418488358096,11.791954183687508,16.440059525437903,1,204
84.44750899865588,98.61838649574707,289.4962209842035,355.9795811854577,91.68464590114117,174.43700957826672,192.52927567806083,181.8930715229412,193.54282169819484,195.9191016210655,357.4169698801861,209.662774928726,214.61433523023965,35.62085596649236,22.87349748424708,346.5342268163045,350.11294387381093,1,205
79.85336804168976,94.93159767945914,202.95246186166025,357.8295935462736,18.11472808156272,177.46425439579028,184.19702687091308,165.20605319755197,178.0725736961431,191.68203463428884,1.6269073134797536,235.23105771907512,228.3106530890317,37.38374306253706,40.8885231006849,351.96949088758026,348.70496729646044,1,206
81.60507084286117,93.696256865315,183.06218906184884,358.5984866710717,2.3745517728726355,178.4672469404935,181.14577970432825,165.66178612281303,182.17798632153668,191.440569322438,1.0940614534689934,235.41456511936013,236.4789271960467,38.924061893153,35.693415673072536,353.42731885899104,349.14454130591105,1,207
83.90149652324881,103.19455947103394,178.3285993750264,3.164195341896402,358.68978063285255,184.1310705544172,169.88500124250115,151.67965863501968,190.8170771439603,197.3954725466515,357.4447954266108,229.6495731418916,230.003825070582,39.45297142975042,39.10360276539829,352.08195523313503,348.88187757329246,1,208
86.82949130960927,105.70833695627364,183.86903074871088,10.7650592706252,3.257193667779859,193.02382101083825,163.52333399267994,146.19193719244907,191.70042559004204,200.97535909592267,0.8407720362100786,235.5695959812525,230.2234751874688,35.834348504944266,39.8734623480905,351.7333041893441,349.72415286201704,1,209
95.46776106286728,112.77277640322308,187.49772697383725,14.037014718184937,6.0486126359754735,196.3276544188261,143.6905023054951,131.72425107525686,199.2728090626982,206.97183466110192,1.2612568733861955,243.31601986042355,236.5273385682237,32.52238091989084,33.95016573644873,351.9306272540155,349.96730291622134,1,210
97.12684595836993,118.74473227684076,197.77285144297568,12.481917352271452,14.294978088169728,194.7959724423833,136.2376397157839,121.49730363660092,202.8174279611622,212.04338178454373,0.7931232579097638,241.93508642265692,238.3092562726112,35.03899898544368,32.52831164990363,352.54682014108994,350.6007427307279,1,211
100.04594167897548,121.9738464974356,223.49854123506623,5.023432454402617,41.17724775545656,187.3526802030705,130.045853142797,114.13948692738656,210.9605809231404,215.1129753693789,0.3104381506658855,236.09289002258285,236.91481430717727,35.81598807050773,35.57273996157201,351.75196694232005,350.62192685277654,1,212
108.13630296981994,127.61930197702792,192.91169894568148,2.4936052942541083,10.928829004924012,183.57641724538107,115.84080914074696,101.6986854365302,218.34089074748672,222.29254926648787,359.158124394609,240.0526416917037,239.21187259589425,29.82908608971843,32.798168835148296,351.69610420991995,350.3896398304656,1,213
112.05302035749472,135.17797489180958,199.3499332200728,1.2769763199409252,14.859484085496549,182.00104197596096,101.61927793518984,86.77743108300066,232.5015329396836,230.94260226095088,357.7866642667379,234.58097439473545,240.6464626928566,31.016934337839427,30.660611886021176,352.62763806841537,350.18210585945667,1,214
122.95794383116726,139.86121069260122,193.615909392452,356.1481992124017,10.726479874769929,174.3092056617864,86.59396832047547,74.8950211604813,246.14036602696044,244.17859021512808,357.5330243426179,229.85608799598276,233.93089776947653,30.304725162067065,31.24861598302491,353.21239262419346,348.92527674018385,1,215
124.08724044118718,143.07219483102375,217.3953608382372,355.6436457086955,29.418411801605657,173.08828951753327,75.63806750778157,66.33078538565518,253.78762157183724,257.3146712290334,355.4457079020046,222.78952989832032,225.6205450809328,34.5514069161229,30.417793998712188,352.7982906365432,349.0619077055491,1,216
129.96916885962384,145.80813337816946,213.8881613796178,354.9184289746533,25.86908260056188,171.48888931378977,67.0961394853287,61.05063312908384,263.5660825528127,266.00912220552544,354.09632875055564,216.01496189764407,219.09436809699417,36.29218105800338,30.38027078804729,352.3332956866229,349.08102973681736,1,217
135.60775611494,147.69964214468055,193.6945497194505,356.61333104116943,10.655656154129588,174.7827500065767,56.38030897165261,53.83558427624072,277.78050068300826,279.6253223211153,352.50500376506875,215.978427263662,213.22982224934185,28.81161811673001,28.84066625485798,352.14470709472687,349.93246041617,1,218
140.80965020068768,148.66337795703222,187.5547844080765,357.3169453850406,6.403852316460814,175.85093079583007,52.32497562416674,50.13244985486656,282.9586928098888,286.0439918652264,356.1892030760796,215.00558386308185,211.92514142135812,25.60686586698183,26.979181683871197,352.6639844193102,350.66497671038854,1,219
142.95278942864988,150.42720865574708,189.0098380243441,355.5645891453693,7.73391684751802,173.58286818055973,50.71415338130021,48.71767336521711,287.6913861706135,286.3956524174462,356.8647263101194,208.6448580261876,212.21884609151465,27.49121294357512,26.464225505790576,352.06098867904404,350.8575145231464,1,220
142.99006877663803,151.17434082175242,188.88627226405933,353.5219246469214,7.976695807156178,170.8651870018943,48.63693124662623,45.420035853290194,295.3001037355426,292.8412170963175,355.69410783602234,202.08479021121943,209.74968610787897,29.07579716714332,25.069802881273645,351.78037236050744,351.4365859508078,1,221
144.99821028416576,153.79181962890195,194.86440423262172,354.0540124147302,13.514580880009168,171.71188366731096,42.23903335533154,39.863423210162,303.72997108873005,296.2355316970001,354.93961592061385,203.71017061376725,210.6060299152191,25.132263259178927,23.897252218958965,353.22833854695705,351.6892963870086,1,222
146.6499538711428,155.27483305125634,345.70639686529483,355.3568747727036,163.7032933648537,173.52566091481884,38.35755179143669,36.76467388879968,305.43976576505673,296.23177652501795,353.77263566521697,203.4014722618905,211.7964124074603,25.79365714855625,24.407685150772807,353.24553835608367,351.4549336761077,1,223
148.31471528137402,156.24283074771571,247.51244459315728,347.9166317366829,63.29712835637476,164.22442515760682,34.987112780945324,33.702131783038446,307.5401095030796,301.5197628246467,353.3493684595765,204.51964887798567,207.872140883086,24.468991199971256,25.26831120441188,353.20439285809704,351.1659094468846,1,224
149.18339926357703,155.80391242893722,196.8704913041053,331.08220099761627,12.98317661764201,146.21588195747734,32.9467056568781,32.33655069940029,312.772817344216,305.6871814557196,355.1906355264005,201.2656060887452,204.63973055588613,23.822054005267983,25.30818574621495,352.83649002567506,350.88712587683085,1,225
150.3273034069721,156.99903147769783,203.57392118770483,287.982948382728,17.196327635333486,101.1730709260788,29.0577511903739,27.539090875697045,314.12877719318504,315.01157445193684,354.1914174864544,200.34268662400885,200.13430259789257,25.631216349203186,24.487061493973805,352.07839422154603,351.3224427252913,1,226
150.1924217827911,157.14336329392714,211.20400408614907,311.69772167601747,24.544414803518794,125.22372087349451,27.548905007378934,25.803127486796605,316.8842072134741,317.7301478271935,354.3156754920957,199.09435628910887,199.7679412683903,26.604492114146247,24.273506256799884,351.6529549624542,351.6455529070479,1,227
152.08485337461713,157.9228578942221,218.435229707784,312.557171626889,31.99626373096195,125.71484789914804,25.306236968031936,24.11985465845939,316.7643682179604,319.101400712339,354.06205020562584,200.7634655366328,200.16651412944245,26.62766656388152,24.428904754373544,351.63768037626875,351.42162289478455,1,228
153.41061951992344,158.39794198030225,206.4892410037872,321.69204514339435,21.99177741683127,137.45504288981388,23.23210953320493,22.85574266501323,317.0157551090897,319.2180957622396,353.35174843539767,201.3985074453728,202.11182811356625,25.397400857115148,23.36872744881426,351.32216728733124,351.8404783098076,1,229
152.53619340127918,158.33976065830566,202.83994520532016,336.7024793612296,19.975193581192077,154.0912967457185,22.98092277290022,22.38273823084272,317.13136151069654,318.6214298591145,353.9488289903031,202.38839398470265,202.9844222440068,24.652252324847748,23.735139268972144,351.9091187632405,351.73525534045973,1,230
152.54799591244395,157.66811646565472,207.9440802413424,319.1467285409122,23.17714432073488,133.2814029935649,23.265678884692683,23.04905217079393,316.7240495790615,319.5370510963742,353.6340450291731,201.7379482929625,199.98301879239492,25.59851832077302,25.353625657156417,352.2184604596618,351.1396094324427,1,231
153.3901643801789,158.408010094053,200.7184970908957,336.2644663899629,17.512304347517844,151.36617212993693,23.150082040471982,22.62313480159648,315.4740458396002,318.7016766969077,352.62446144279033,202.51400330921624,200.766067471793,24.33069506933054,25.31623482637782,352.492819493382,350.8107486886246,1,232
154.00598380142154,158.77223941641958,199.45536465441825,328.5980495328797,16.011512039748965,142.55667349164312,23.62884485516813,22.63018676634721,314.1168987136758,317.7400825065517,352.49231850886866,204.22287949295784,200.87506820715512,23.08504068353468,25.70799663010844,352.6796815586724,350.44853974539416,1,233
153.9960983576171,157.9429761978777,195.43902750606244,320.02534621037364,12.755173968596525,134.59976719031002,24.308576451296585,23.54741362431441,312.4144982153076,316.82669591290534,353.9157847387319,204.72540286467256,200.91828476567423,23.165740271139885,25.99870169097115,352.779559538951,350.19920537495835,1,234
155.21101519252005,159.11146263723646,194.91114889290924,291.42027202383497,12.17944734345826,106.61640645652552,25.272494648746253,24.519082706652757,310.21497307606023,313.6387866121769,354.68189566878897,205.26846113600905,202.2883514139831,23.137297039509026,25.62536548304776,352.861148390017,350.1800707827652,1,235
152.23041612366617,157.53645231803165,198.34525596331792,278.4159625043192,14.730844453800325,92.97848915961724,28.87761626766747,26.8848350818256,307.7476156139033,311.92604356743044,352.86036077683696,205.98403295023493,202.52002606250133,23.17153527943782,24.764769429115645,352.980552240249,351.0669265046062,1,236
150.76429128960294,157.63501517697867,199.337282978446,300.8040622091217,16.259869615527222,116.7657802541592,31.494517533319,28.664212251945237,305.690907947203,310.3966252596056,351.57800789151185,206.33523792596205,202.03388136925236,23.65569192926206,24.909223121813064,353.104091609184,351.388216947991,1,237
148.0211261719754,155.32034064922595,193.79900037485157,350.6893443158272,11.952158836015874,169.53471018301886,36.28689374444354,33.81717475768946,303.63037363146594,306.936633816137,353.71840054495374,206.10794131513964,204.3018998406946,24.33229206979143,23.61202571329221,353.137032010887,351.97250224780976,1,238
146.1022815304815,154.11978010922752,193.81657297404817,343.6117619366569,11.825423294010546,162.11975791782496,39.22977487081345,36.06790558162454,301.0862494163482,305.12521010430135,353.5390993408897,206.74628950836572,203.989956126856,24.54676162153879,24.224964993316757,353.0095339221444,351.8748136017539,1,239
138.82676910846382,153.0202625013942,199.58094633806863,358.8956600335457,14.135320445756465,178.72073765602323,43.31069122336474,38.85181451811936,298.00456024511027,302.5787271139417,351.9886500316514,208.6606503457129,204.56937261195276,23.28274793046049,24.31414498724343,352.8948082154972,351.79898195250337,1,240
142.09698134739995,152.060230908584,180.81570297796796,10.43294284688242,0.5284894513008601,191.92392066245543,45.45686634384708,41.80204212262275,297.3413174928937,298.9525542498787,353.1067217012657,206.5209566225716,205.2895559378347,23.46912526742248,24.97985485377011,353.124867327014,351.3486659102487,1,241
138.77491155643307,148.44175007827275,179.41349721202445,10.161224175746929,359.57142102034425,191.56535913292268,50.47227709263229,49.1921065451892,294.08565831987715,291.300164672826,352.5117645305229,204.6352064695585,208.65640826453796,24.557577144106965,24.547204811599773,352.5626647389905,351.3087967325259,1,242
131.11377812248176,144.64341683584013,197.679330782606,357.5627864862548,12.36103745258049,176.98139254625627,56.30403750246042,56.11221132997333,289.3619565203985,286.7934145849799,347.4499699595727,206.406684320528,209.46420966367208,25.761681444511733,24.74135044926059,352.60652738631364,351.18172198118594,1,243
133.71670432134425,141.15915165799902,192.0890638773197,352.1479758775038,9.50383639647646,169.9163032756526,59.41849554796788,60.36908077398761,283.5594225774619,283.53408004709644,347.54781795731014,210.36993466323625,210.99662014027297,25.943281907852263,25.58914444659269,352.66476764919565,350.7095111516645,1,244
130.54899925856924,138.50085145177854,210.8808161899068,356.9484378952432,26.66344249387072,175.98504037706215,63.66330019404688,64.71926505721349,279.3955664340973,279.7481321786093,350.35802987567854,213.07438246792813,213.2303454776756,25.59036096551993,25.296835170030302,352.4221833309435,350.3042334220364,1,245
123.68177328463888,135.98673007555416,215.04983519815605,355.9725848474186,32.104512799433564,174.32028609880635,74.07460953318652,69.68421848088258,277.24723440327904,274.6115242317406,351.1193937226747,212.32291198049165,212.05344319214325,26.16637726105995,28.72919699851234,352.43663691947125,349.8634806884409,1,246
115.76250810389882,126.92302415033537,214.27005198023588,358.3482162995465,33.6409250073437,177.75185274218393,90.11312327033896,83.39191139685629,266.79765123944946,265.46454156499635,2.538543428202208,215.3603153134092,216.6116734069644,26.1964380103595,28.6296600756116,352.5676962881655,350.3466853671621,1,247
108.33784490506862,119.90121901054869,247.57036475283488,359.55104749851284,65.62156655520488,179.43366704462883,101.76946067027362,93.59288358239868,256.82493923067153,257.7987526504962,11.066779445279955,216.89416602047584,220.76607792021588,28.90234512384261,28.90805287307624,352.54351927540955,350.38086471744185,1,248
103.33041689042678,116.00391316333506,193.52839106019908,0.4657192508220177,12.116761456483118,180.54977054889773,111.62472853537608,100.83495046672084,246.8014976447548,250.29462560605413,9.102686195818588,219.6418761633846,223.84807457614104,30.67709889913599,28.36462983762341,352.078916954781,350.2778914912067,1,249
97.8628056842708,107.4522662361511,198.0518430617917,352.7699964441277,15.28261386611672,172.21405471242429,124.0800706380746,114.70804248126448,229.94114634702476,238.95944783066804,13.58760197278542,229.39301629837348,226.67924195144036,28.998936476309684,29.96294828876865,352.5265940161177,348.8808787908514,1,250
86.10332484420951,95.51498680191952,209.55545339365128,357.2748278771977,28.96461163410692,176.65647729625763,145.97480186056032,137.6191589156707,209.39866048021776,221.381007809714,16.187247267798266,234.6233903525799,231.5242023816357,32.15829204099078,32.163723316742725,352.4268273941636,347.972343389352,1,251
79.91175100894743,89.10194809967145,0.8413786789753757,354.0168971778804,180.98839214825813,171.38063406232965,162.39461565271367,153.1351274854821,198.54026922151223,209.6746099488696,13.34017732831194,235.55275998800232,233.05378295986583,34.15421785322527,34.222252908732536,352.3376570342493,347.62208686619806,1,252
72.3260499455498,84.43748302768891,206.90591201325424,354.3575276342694,24.94429511040965,172.4774979388348,179.79229519515593,166.45564133063644,183.29811590717108,197.9489061378817,7.715688198929346,240.45692373412456,231.68176208803425,34.74726247818551,38.9923778768588,352.1377305196097,347.5515037678827,1,253
65.25982294608603,77.35725634023274,200.67956636099763,355.7719862687711,17.728230916359905,174.8594150051586,191.8776178134722,182.1783454278913,172.97163640760874,188.97233142678556,3.696947114056409,245.6727439778512,232.543951992158,35.005054655426925,38.68399590893711,352.08314200240625,347.9379926735931,1,254
58.584829048367695,74.15191387228195,194.65622618427136,351.831645227978,10.63641408049068,169.99711786878635,199.89585624875463,190.12541709151267,171.76510857323777,186.30135005874027,358.077780484598,247.12839072356303,231.22662855941445,34.048988355882585,38.05774512913977,352.0645153952753,348.23947369505726,1,255
51.079582438091485,72.49495726283581,181.58408703622325,354.9779088661906,1.2690029643129033,173.89319041509702,206.2850163227329,191.66145296301292,171.84435498449054,188.04481254806348,358.6103996590204,242.0137533112495,228.8594940337229,35.51079463185785,38.80856373530663,352.09820143445813,348.6014662728234,1,256
51.57287544898757,72.98555596468007,172.9846707075187,355.0119414815356,353.74195339854896,173.70305495998224,208.58819953154668,192.42331479156056,170.73639185793317,185.5541101587299,359.8280332911788,241.53205240535576,230.9984705923397,34.98153437249505,37.2696868435762,352.28041094312283,349.5720117561421,1,257
55.13651987135919,72.68799704463225,202.56383702866208,355.7222712982455,20.0378362672696,174.8025544647896,209.2676543999783,195.0118998300512,166.22091920968597,182.02990225991175,1.7701579361588435,245.75034402108972,231.77033540674893,33.530486317206034,37.77017089341892,352.4999437735579,349.7235452984944,1,258
58.940079156576815,73.27346075200415,190.2403119534617,355.9340446083003,7.752524249954831,175.5144282842079,208.23398683570773,194.1087304463418,164.7049959768248,181.98798698907345,2.596703594865307,246.78436990982263,233.03189221754408,33.634054781871626,37.11338583927312,352.3545055391793,350.12193361416945,1,259
61.67988798626038,74.61558635486561,187.74472939926156,355.429732441732,5.650645737134198,175.0117743899235,204.1670353180385,192.108004821162,166.93278994874393,181.94773849625872,2.1796837917473444,246.7116600533903,234.51988730026196,33.75512874836775,36.18517772214817,352.0607598422726,350.6352327147718,1,260
65.1046900533346,76.6402215073896,187.291572679556,359.0781795665264,5.137661109944645,179.05119600735983,199.0641005094791,189.66841341778152,169.09264921391926,181.88946739001213,3.689882243448348,246.8284104513186,235.26229460573816,33.45734939425394,36.1415269602153,352.0302163830264,350.77211582717405,1,261
70.61446516176304,77.45158893127176,187.60775004698945,177.7026777151565,5.240762563978365,357.777604951264,192.71181142213155,189.1130389635113,169.41978494265936,180.9499556378664,8.523558286566935,247.7628437373812,236.6273422427479,32.926914032893336,35.61780138070608,352.0305984636823,350.86540726477205,1,262
73.66265597355061,88.4862734237892,188.1812555999977,4.198902979124739,5.93003382903737,184.8121561121802,187.64360809824305,174.43515035164006,171.38182653704578,184.70173072641552,4.221672147471901,247.89309083558223,236.9159448094574,32.79593651312644,34.77620873145971,352.0815605300339,351.01904286892693,1,263
79.59817124989824,95.82985763791535,188.18500201416143,6.864210229744629,6.349266523291476,188.1854288418418,178.04639282628605,162.75879969005692,175.07440679995594,189.9033298905,3.4178635728540687,248.6030871624636,236.1007063350417,32.69605300237243,34.78280889503837,352.4247961969074,350.8956281297281,1,264
85.91067101451395,103.73076764497809,188.7604172293042,6.732999052851881,7.203814820822117,188.3946619144648,163.99628398120842,149.60145654467215,187.88512057411413,196.9713468101401,2.38100739468548,244.24034707239304,234.16691746515468,32.01456445669487,35.10962886905465,352.626070386656,350.8432722028276,1,265
91.36193821677502,111.3762821259966,186.3746029432124,5.225262861626618,5.126613402402995,186.7195786246871,148.1004293437636,134.77654075184498,204.63428440464088,205.5461601636367,359.48792555220706,236.9684106310769,232.8503104891024,32.33953664485692,35.42462548488988,352.45462202704573,350.5233769212645,1,266
102.19954380600876,123.35774306687836,188.19103356507463,9.23304698990754,5.906602267068308,190.9073067284524,122.2728339930149,111.95331258656044,224.40181284061308,220.6978387410702,356.66968851129474,233.25393334364333,230.1678148425486,31.70546743093457,35.68664718456274,351.9896625030699,350.23089820947115,1,267
110.74503972543464,129.8083165899352,189.99321467996904,8.660603064181037,7.810028407566741,191.3404195089805,109.0963659128676,99.24786739778844,231.92637037220555,228.45670881819584,358.6847689687237,232.1957710181199,230.2352246991369,31.21753582534961,35.44831942136116,351.8463646982256,349.6178052297601,1,268
117.5850115115706,135.64335016143704,189.18879795454205,5.336738817625269,7.111591565949601,187.5766955661787,95.83098081844496,86.31523694137071,244.9681079885598,240.6913808080425,358.05692072724605,226.86152985271136,225.970539303085,30.318050844569232,35.44882228784851,351.7190470350853,349.2123734947574,1,269
122.96892695155984,141.02407056378777,199.93410369855715,3.4565024165047284,14.48309497407488,184.59377638444624,81.91845272041974,74.73644219477636,253.5274080674879,249.13756961770025,358.297211521864,223.58778063768852,226.798954655656,31.75364547992169,32.90966549820314,351.9488773260424,349.03864617547623,1,270
130.94971258709026,146.48594168255434,195.7068940880817,357.24361827749254,11.212598279187622,176.19986850872212,68.64466434692015,60.7570259728552,269.9617976294547,269.37463206504543,358.04495577333915,218.67822029328264,216.4856658290228,28.190933860136948,32.554466687447686,353.27249235280465,348.69944778700733,1,271
137.11454797733867,148.13270461746166,196.44161505319585,359.3559662638723,11.66742172732206,179.0736841580964,57.96112923720167,56.11994281583269,270.72366569984183,276.30979663559214,357.2264180075683,218.9085181407196,213.6084587208057,30.86583467755188,30.814330708675183,352.97918700184533,349.2509576108972,1,272
139.1889025985389,150.47719231849968,191.8257238036915,358.7272052984808,8.340328415868726,178.0782944580247,52.49115468194788,54.44686377738131,279.5763149438593,272.9509951779204,357.4083775321725,214.24861357110325,217.40101476100355,29.670019160789256,29.512824325082114,352.886114358504,349.5893155274957,1,273
140.77982232953346,153.49155315841105,189.92884745072476,2.623381300441505,7.475274215588911,183.72645257636813,48.63518461378709,46.9211677123317,287.59928382136565,282.81924188459453,358.18850220605447,210.84397177718216,214.22752825365967,27.629752660911212,27.51714602809504,352.6224418482738,350.3381094878015,1,274
143.92311915231895,157.4144752730288,217.6758191657432,356.2951534626389,33.192078939553326,174.29572923148365,43.79710891634897,40.51835870245173,295.74240399786885,289.5332583231464,354.21726241190066,207.34427529679675,212.4880899128329,26.94244935429957,25.768235194533915,352.3654738396483,350.9219744800401,1,275
148.3357491971254,158.3078944125613,228.3888435035556,354.40163809009084,46.040186053422055,171.8287364745632,38.94470538738808,36.88663056418096,300.9188695741016,289.0841523994751,354.11252423938737,205.3377782728865,216.5817194990536,26.60859374054031,24.96476725835089,352.7087340044631,351.18977747087274,1,276
150.73412905542224,159.40095044562364,265.6238047973313,353.279309397256,83.77880829009348,170.9137402214453,36.06078811981296,33.34885382397561,303.49280269265165,292.85302397430263,352.58137112438607,205.8967559975861,215.66047097773645,25.45809667000206,24.506016741504418,352.5046392561264,351.2393722789791,1,277
152.23058720035965,158.7726203026116,245.79421274655684,347.5493665664541,62.37969069411852,164.20412389946625,32.5709122503066,31.58347030991008,306.19451482413274,296.8224582120743,354.88886147194927,206.7238250811576,213.85281926734245,23.53274981569501,23.599964096539825,352.707559618346,351.10264443916003,1,278
154.72022354375522,159.87236477993793,208.8314720390625,326.5934692995227,23.283894946877545,140.64583049637272,27.497975466637207,27.90662879139512,311.35123446008265,306.0769371051936,355.4862502653225,204.38308350081132,207.81110399417184,23.725966981185383,23.478119903170175,352.31320397620686,351.3133023942828,1,279
154.5828571652979,159.13278623638928,205.9955936677717,308.84867909407234,19.640899321468908,122.53004494800214,25.712799211792507,25.61607646640185,313.6870333985092,315.08638784266947,355.0838930513918,203.7920913656942,201.42805956520888,24.26692734418208,23.5410494792052,351.7751356941842,351.41038248587654,1,280
155.21628333328715,160.09235345416496,202.69795172064192,325.7534328724199,17.910759370838228,140.6020871408204,24.09815016723988,23.270371745343333,315.3194944598922,318.73948476018063,354.99342821861364,203.55060915799496,201.9734327818165,25.429095094743424,22.592542220695236,351.4955879014564,351.85303258687946,1,281
154.68414615968504,160.04252848664436,288.24475955266803,348.6184950459932,105.62221120531156,166.62541128210006,22.33279045694044,21.669330853820203,316.67671461300824,318.25190843974104,355.08602257096186,204.2309284571607,204.54307064806568,24.879916608411925,22.218613756107043,351.63845336962913,352.00545012957616,1,282
152.49967982542785,159.92606894444611,322.1857981119422,352.0291446491385,137.72363277143413,170.22694044652323,20.93560569738634,19.77065394791805,318.0058166597561,319.0771951338654,355.1890458027998,204.2658215460839,204.98158886762403,23.896954732543584,23.06176755042421,351.92454049277933,351.6797298202608,1,283
153.73510179484603,160.31325175073778,330.6458468742129,353.8280009896684,147.88948900187717,172.3187560936133,20.40244081818697,20.1958943460768,318.2793522175775,318.88736699323005,354.83197012627005,204.6478992308,204.523073268944,23.074542427816912,22.96714675591229,352.05946885501646,351.59084640515505,1,284
153.82216843093312,160.60851312583733,337.18030007637714,354.28199847725364,154.78410917651857,172.212228328656,19.57623331580568,20.25441652834084,319.2880745553821,318.57633502686747,355.8438386346777,203.32848210717367,204.31122428529864,22.794795611862508,22.938290256128838,351.87062301458667,351.6920624511779,1,285
153.60140295975336,160.79135942518735,215.4008905393021,352.09373516558696,33.529677858891816,169.7349914673821,20.60520739503387,20.694984603664476,317.92013087434606,319.0586753998883,354.0972605904439,203.5673746501723,204.01727048965827,22.79553896700206,22.1911543309877,351.7583393952456,351.86601032586464,1,286
153.83602853739936,160.93937870521358,199.01768305323057,345.5825187290337,17.11168425875023,162.58018901076713,22.15308060727761,21.656608272078486,316.94451323392576,318.2716857117716,353.6435291923139,202.73266603842453,203.88744840222012,23.189881624654348,22.13196717710398,351.52450263023377,351.8278729884037,1,287
153.2947734956118,160.50524084694834,187.5080613748013,341.1257375869097,6.721622853074627,158.2650019243654,23.047344133022342,22.508597128220035,316.5030387621182,316.8659626776221,354.4639562409567,203.45266311649812,204.4550696473115,22.551424515871933,22.14409605730389,351.575847030096,351.76114605815263,1,288
156.9712586903518,160.23471769474338,243.20869321239965,325.4338790832974,59.22980700019036,138.93410539807752,24.456812825682714,23.82774264076318,313.6164656001786,314.6799628173327,354.8128578357868,203.3900030552548,204.5169858813788,22.28076517128505,22.134926173787587,351.6038697297771,351.6769759137414,1,289
155.9313440833658,160.14089226697484,233.68110109578095,323.1532832677807,48.1522750418179,136.36770662114475,26.76506367038724,25.424075119528357,311.3801408549834,313.05024010107564,354.0877942337401,204.51406493379196,203.3102458574373,21.77748306581928,23.00804943967396,351.7858937867486,350.7828728816805,1,290
151.6785951216499,158.0597628730481,222.8840370131124,339.6449859119585,38.6264733466732,156.36135005474245,32.40924883546425,30.91730997441866,310.22218771854205,309.07147663948416,354.73474790165915,201.01929373237343,202.9492825367161,23.27116175432038,23.50849071871624,352.5093929613021,350.7987533406311,1,291
150.03068445735036,157.19914801387424,313.97081624440943,351.3460584201302,131.3543475621037,169.7313367840521,34.99913816234136,33.7401425090084,308.0190919203143,307.27848210020466,354.49402591436626,201.9194986312896,202.8325756799008,23.84110615137249,23.70065164495937,352.49244142779554,351.2247685206922,1,292
147.05674394905373,155.5150880842698,204.07421659159877,354.4978135759528,21.654452453939317,173.66004524630884,37.81114722917847,36.44528241497928,304.79862883385783,304.5868113537155,355.30260923857,203.3487044247531,203.7773264540534,23.67630118692117,23.600797018362474,352.49719981609195,351.1780517641166,1,293
145.24406917303546,154.74820058743077,187.79475165314335,352.22358878342243,6.963324465215408,170.9521993987911,42.41512583135098,39.706905264552,300.381594819219,301.361674124216,352.6625732472175,204.5254021769113,204.6785165061812,23.0467439029284,23.37275084638972,352.152677816822,351.2633225718913,1,294
142.36497500595522,149.95321139802928,179.84325909060263,9.971658093109015,359.86405805191976,191.39084713754164,48.28049092330606,47.691146238854735,292.72248355392344,294.7543703978465,354.51047627920786,207.00494849103364,207.7264437241231,23.61740291564833,23.15174841965295,351.76092701030484,350.66302654419366,1,295
140.09044044103814,148.2994798545621,181.21615531939935,355.9093958007372,1.0822584431463338,174.94945024234357,53.413017852146886,53.447584833887554,290.26204489853154,283.6849537747304,351.74339907464446,207.0975823146056,213.63255581992905,23.96287358989561,23.542053837457377,351.7602547324139,350.674200169973,1,296
136.9245516245097,145.20728138858263,197.67915079453448,351.37065269751395,15.679957070976798,169.11661721297688,59.4979751762154,59.23690974219564,279.78537074168,280.30343500231527,348.1323443343064,210.9541450963534,214.0282119591806,27.14562737398831,24.03387264902121,351.9927215987291,350.7460193798698,1,297
135.05107782785265,140.8640997183993,210.5603141902888,352.6338365199465,28.891556570873263,169.72948169590848,64.279001896688,65.58907398177772,276.0948410130296,274.62011949796465,348.00691911403857,211.1896124521619,215.8504993971092,28.661283780648464,23.100563622669515,351.49402719045185,351.34154270466723,1,298
123.71200178456586,134.47234947754734,245.54247949289703,353.8611359746458,63.58467633422106,171.79762882096767,84.34084298342846,77.64949705951922,263.4430970928276,262.5703049192565,359.40747835487946,213.3261264133419,217.3581611114102,29.677086014187186,26.532752365757094,352.10569092958696,350.571319814255,1,299
117.64354125383632,129.0703770169765,219.76610276961716,356.1813491879601,37.41336041541598,174.68094699493844,95.02488526782096,86.07503762101206,254.8847405932312,256.07901695292725,4.3852934791662825,216.4973878222623,222.5106228613136,29.574899785022243,25.841023888413964,352.46147385569304,350.889685076171,1,300
113.86665263214088,124.55296401711792,194.3391952331412,1.10691979390847,13.305545829315122,181.42131783601684,105.91065851754398,98.33932095892266,240.671083175979,242.72202736663817,5.115774285166848,218.13878596446293,225.55302138401413,33.459803535872425,28.010949435470465,351.2799287411509,350.21449193488394,1,301
106.98118434370308,114.72911959001414,205.13121024474188,336.3625052448712,22.426004548047047,155.41734029011508,124.1761414319068,112.8899812522768,214.7680604407897,235.67536212015932,9.66002053715687,229.8189153210006,224.08446549936951,34.389143099326226,30.53401204221809,351.3534981905694,348.911261058561,1,302
99.16625350987486,104.17806171335592,197.84959439651504,281.5467349030251,15.470274357964172,100.11978635511316,143.19307840767527,134.5741070122238,195.98835594778316,221.97496067794583,13.478271304954037,232.78927363887735,224.20681380584384,37.34196866038619,32.89373966638081,351.5205198962852,347.8227292399565,1,303
88.96117755977022,96.67263830073412,194.99232877414207,355.22437374286176,10.044756685205243,174.44493460565573,159.40423143952205,152.65813719084971,184.1360769141836,206.56174482058196,9.286752791024268,237.34803047681532,230.19902077519396,38.30287053573344,33.96017691899165,352.04315388218413,348.14448958348754,1,304
81.64359500520983,91.79836647418284,191.8961295456384,5.639958343165006,8.113459695884046,186.42285306368933,177.0820761403744,164.3576909512416,174.66877471003178,198.28704375389955,10.358562109598688,237.19074611622216,231.9387907510801,39.25772229649575,34.59663513249325,352.2109584699663,348.36447311247167,1,305
74.79809268730028,88.97176557304499,189.52455283665927,6.086174099165987,6.97357946792647,187.47409407178972,190.7682206163713,176.1739221561125,168.76521693537313,185.54978626117972,4.805158970217997,238.4561228173216,237.2997855070887,39.12044013569658,34.539570333901786,352.3846612735325,348.47898022502045,1,306
68.38912146481836,83.16736477104571,186.68151095885847,13.578133047707183,4.802889148780537,195.18223232521572,201.86492665573087,187.9638128306936,165.48631713275154,180.7213990600616,2.636779532334628,241.90598525424977,235.8603347626599,35.63587483654942,34.54951181794347,352.35798833077337,348.77129656995555,1,307
63.53817415496386,79.90631345455472,185.37915863827808,11.545374079692294,3.620407145334241,192.92559218727556,206.37023350667,193.79003441060635,166.80084040900718,179.42547704261958,358.25960954823154,241.52309666421297,233.88012403208344,35.47828910945355,34.60479306327059,352.2364658012178,348.8440753546645,1,308
61.6138861356002,78.84429967383002,188.58274029254264,7.929494016907938,5.981081358296137,188.74391817285343,210.5003542115738,195.3015422123364,163.5388734622978,179.4643432044738,359.62947930695407,241.75418021101828,232.9419500902116,35.541893675877944,34.606428358273945,352.312888287876,349.14338059792254,1,309
62.99510708675984,78.97550255379252,190.3483418705716,2.155291959567316,7.325360805510286,182.34534179004072,209.07355832474036,194.95581422435197,162.18280945014916,178.4597855534139,1.5866618939909776,244.7912665797516,233.44515257405297,33.648159650924114,34.61006535453283,352.6061158789686,349.6954086371621,1,310
65.45534180658764,80.1925334908123,191.81158057841571,353.8885222227526,8.403439549118843,173.32016579422714,204.9779249655228,194.4017069489578,162.06739162603947,176.64346211390364,0.9527871651113152,247.86012451511704,234.6652602162416,32.59949151932514,34.107034018917545,352.72100427761217,349.9197155961005,1,311
67.75635768906322,82.15418425214385,191.0298313810445,356.95340252498943,8.160775038894485,176.4657614492579,202.48637183820864,190.7829748470548,161.9660486064393,177.79127466675422,0.8717005368889288,249.03976242212656,235.76926626527865,32.518015567029515,33.28554972414386,352.7821659144752,350.2988159960444,1,312
68.76796042040058,85.24620790380085,190.1310716286499,0.5164732316717975,7.664426180021621,180.64616110154415,200.93209297539065,186.6613497499517,161.98023316614945,178.65290843764322,359.25668782002134,250.44237215267665,236.2808048919068,32.16068251480788,32.91827233012582,352.905995404652,350.40084460108386,1,313
70.11542825298268,87.59421853147542,189.75092384605736,2.9703968120342665,7.6319458676279055,183.7964101805643,198.7927454640705,184.63701197550336,163.28767312279322,178.8383070150957,358.54812751023945,250.3113856325891,235.9919304106682,32.078114938058526,33.13196179680915,352.89483688930534,350.5302141276539,1,314
78.3325452149391,95.06050877094935,193.44749479456615,4.126794464211363,11.544147406090929,185.2719240079105,187.45080585697443,174.66678436251448,166.98031520965728,181.7592285199127,1.9226835141475604,250.1052751882393,236.14158931471405,32.19146072600177,34.04611093461799,352.8305974270341,350.6276161041115,1,315
84.50778501550654,100.9351059476579,195.87567661189723,5.625753319986275,14.23988771243586,187.4318781965003,178.25718920104262,165.24615916917082,168.95822198980582,184.97966569336077,2.0243842902649853,251.9332199812316,236.87927380244832,32.00381716322263,33.91712647242687,352.8801334716464,350.7316918343383,1,316
91.14243423824776,107.66035676706926,240.6390919891633,10.158468716050184,59.31355444729599,192.5602447075991,169.54162903873396,152.0939754001483,172.06545258085055,191.09495686457043,5.608326383767462,250.9179259821602,237.0079076990237,31.800065429654563,34.38864763326235,352.91311161313126,350.7487316220009,1,317
97.39559798788694,113.05225348097014,193.12278666619343,15.755623630754409,11.371475965570596,198.1857116187375,153.84537074713938,141.2184589084784,183.6411234069407,197.65681396334287,3.247357493699752,246.2138150771545,235.54561942037108,33.36502083749091,34.824638557051976,352.9494929423999,350.47595218327655,1,318
103.32557074003095,122.30595662399143,192.8607164797408,13.07724710554081,10.24245005553496,196.13712242965707,133.0253261967367,120.8283705435664,202.33433722397987,210.4426765417581,0.077587425688742,242.74281575612744,235.18559254784296,32.330559605987304,34.70373741136289,352.5699476911886,350.2994647742089,1,319
109.60236680105668,127.2753890727908,188.60349501168608,8.011719498698367,6.8231197250268,190.9836493426216,120.12029724518165,109.88440932424538,213.6011072097905,219.53012097756607,359.0187313899483,240.36827427908355,233.9305619640282,31.57422942713107,34.46912223963953,352.3293047867,349.934781281179,1,320
117.328912279111,132.67233424010507,187.79226757540025,7.027399532479881,5.979429013874359,189.25485193429907,105.62273410439263,97.57458477274072,227.19123714555275,228.2888974722279,359.54365032371715,233.8743995299996,232.74887551684333,32.42517183736428,34.408480571538725,351.8160568509973,349.7453895369619,1,321
123.55887094048326,138.50357667667484,184.7363856925772,0.2708093344941537,3.5148541304308,180.37284785306204,92.52886905168118,83.26042541924254,241.02836216844736,240.3142183996077,357.8057535526326,228.7968917274069,230.6471404992221,31.848328427388505,32.48036747206316,351.8523924724409,349.3933465740903,1,322
128.61524198192242,144.66125445003857,186.5716322268993,356.25985492182195,4.565105869562306,174.7781727349062,78.01598186451416,69.23376505132211,259.37422183170645,250.8871639675424,357.8596769453908,220.30450087969035,229.69909107458324,31.42841934902713,31.62498838273019,352.22238668857005,349.6441829572419,1,323
133.3589848334826,147.3791303551652,180.421495453579,354.86307161996496,0.2985516683934415,172.70035960569768,69.72910542046986,59.37308686443154,266.08443894321493,270.7020775906165,357.0801136425139,222.8318638337445,217.2807439184644,27.478463264424853,31.264809462567,353.51810501209974,349.6251817964514,1,324
135.38874799775203,149.71534623612237,186.87785719831413,357.9040505118612,5.103162290395346,176.95066338234122,60.077842438893335,55.284811013225394,272.12675019460795,274.05374049446607,356.6888544741922,217.84336407448004,216.19101429792207,31.3748233293078,30.02815588107461,353.285789023315,349.2347410834864,1,325
139.5691263592749,151.20060417400182,178.57935449046133,357.53810479046507,358.92049074700793,176.20760080576352,53.25111971133012,51.74230705645739,280.13001949416065,280.2169549060088,356.97401471525114,216.76012210110167,212.0465056459888,27.807815674177625,30.09172645605688,353.6814241786104,349.4496207510892,1,326
142.07477694374973,155.47269324564502,185.4574720144644,3.728614110297069,4.489127352257299,185.8952244002882,47.893298973558935,44.00168071205357,291.53593590811187,288.1389032572874,356.1241525652041,210.07456894790383,210.07883479571035,25.990877649507603,28.26884323253487,352.6782992533844,350.0979747267641,1,327
146.75416075526516,156.31130846753788,204.2540754614729,357.2885966130153,23.52177439094348,175.78285588682257,44.24745469503928,41.84416349005698,296.0536148280065,291.2925248196848,356.5363777970561,208.2214791830212,209.47140464919624,25.877862212113023,26.946780489038137,352.0799232480571,350.4328410854111,1,328
147.1804407195213,157.95059102319402,199.14164821728656,356.1705498448925,15.768991042087482,174.83122217564167,39.97144668132855,38.54114726798132,300.33114262145585,293.17411048450856,356.00322412581863,207.99510154433597,212.2561761531237,24.77059307241842,25.128591039791036,352.77290130101807,350.99273344852463,1,329
150.28185661873485,159.71866793832655,188.6580388595644,359.1639279957164,7.368004229473275,178.84999736723077,36.22519722173818,35.321477940391745,302.9776932681981,292.5579586360169,355.2693876805552,206.7203326896792,214.67105244584604,25.13916535858955,24.75723073973094,352.8060220406182,351.08015693171075,1,330
151.8122217387641,160.5420476448421,196.5826642331331,336.6113215161244,12.31307271146635,153.18820794873886,31.54661873719209,30.994624552490656,305.86541257700213,299.6840609529493,353.8888381498564,206.76436736390173,211.52734867607535,24.706160183175783,23.85904119270777,352.7911635488992,351.0796698795615,1,331
53.35259079130886,134.43754122029006,283.9242318622136,192.86994175895285,54.02992724590808,7.184487452607868,55.9035301575496,60.51982872149152,212.7344549604788,239.59728344139228,50.83236515934903,211.89044441044757,129.97601021291902,259.7932462230798,320.394263994218,8.166302307550685,11.508021973319243,1,332
35.29387218036409,17.385673156333844,173.98596801094305,166.44912810642236,356.7793119631546,353.7409797749792,84.59713830317364,186.5996065193297,203.45524564623395,126.83589506715894,37.99176735289951,134.62978312805768,144.39573627832857,324.45311719715806,317.92599487352965,8.31696239315509,8.398679222621846,1,333
12.090344243669035,274.28990980694624,135.5072558744451,176.2934784783106,337.96770930776125,357.191964179081,148.196280522671,218.8488284481064,158.73021626672977,107.8423930885104,54.70251479596532,128.66158024612577,147.49064354543896,326.47985271564806,323.37625621338987,8.497643011425358,8.497256613838658,1,334
268.8155052375004,273.76754031439003,18.752286289976453,0.9162248248216606,281.9296141017166,181.02193084171776,185.6948796858356,221.5218495956942,151.592163696409,103.43339052037764,48.24547760081286,138.44898052597432,149.44858601599637,322.070892765864,326.73168070841047,9.41321281729672,7.913982606742159,1,335
256.42168540975774,272.5598454952876,19.872427725126837,3.3975773725129272,302.08037707702925,185.17607010598675,198.71504928637395,228.7761642020304,147.92772378717217,91.95650943914364,46.66804549973174,135.07916074765365,151.08207399910324,325.552399003848,331.4051420583877,10.005490898935852,8.800526687099087,1,336
254.47269811928783,258.17612014952783,17.444238478534242,1.9671587523686715,297.2290455253945,183.39218205630127,213.01014540927284,248.8465830705186,136.59766645349043,81.03987912112188,71.6122877526796,135.59209250530768,159.80308181362034,326.87752361936793,327.5888897540795,10.66607919372178,8.895773985671672,1,337
246.788377325802,248.48322776323204,18.37564708141499,6.010560023567431,316.3186996017763,188.77244802619865,221.3128027589138,261.2900902472117,137.89745489984523,78.3657301206505,85.51775606403437,135.54984566153632,156.02350640477042,324.38164887965434,332.11271010937656,10.20379007404053,8.94970986561293,1,338
239.4437393991282,240.78685483434757,21.405473925517175,2.961372551782948,321.12197519819057,185.53138198933115,228.67009283267797,271.7396150721461,133.1646489621569,71.69943564723444,94.6951002002852,135.0506088145337,158.39369450986885,326.77557367098314,333.3960331170287,10.461233116229977,9.015484991410265,1,339
238.9389459394144,238.2174526590296,19.042527179281507,4.754086030884953,329.99250861941766,188.62135695702065,235.3511300547318,277.6375133860627,124.23683707340145,65.41516812665411,97.1690522353206,139.34835437039803,162.56352992645105,327.08009260637186,332.32185373175207,9.92766480625806,8.835612773251867,1,340
242.3293220863952,237.36099787883143,15.809249527984854,4.480964719867966,329.0751399620873,188.24658755660613,237.15471377244324,279.5632006744261,121.63927204462732,63.38126221279085,99.45265288232092,140.16672455021703,161.7446447781966,327.4083708075305,333.90031126553055,9.882256408048669,8.23981395980464,1,341
240.3583812997669,231.8502232935952,14.317803433899298,1.854373705730562,322.28981905885354,183.83472915830453,244.76953304212773,286.80256080837773,116.6145341680518,57.07139779149608,106.18224670509096,138.80392242683735,164.38667624361383,330.1972748914088,334.827571254166,9.879266094664723,8.525596878300933,1,342
239.053279175194,231.2105003980335,12.55115460953411,1.589753144218534,320.12774442677454,183.4461171457501,249.80814361174097,290.4449088139372,111.01969156032423,53.63647637378131,109.61652453256566,141.77558924268854,165.42029126937464,329.4632569117834,334.8888208896003,9.902014664548034,8.768029063468225,1,343
249.6586192926136,230.82401067197745,9.19116305741693,4.269155382919882,298.55952215298583,188.7689933554508,251.65055140790216,294.67126393463656,105.35243965660838,49.60832245058697,109.77210033783663,142.60086729603262,166.61868739106413,329.7847038248992,334.96293843083555,10.109978934964529,8.441321550028034,1,344
250.4414054112911,227.6974971704568,7.396117736146542,6.131458069229113,300.8771301041822,192.8254464837632,255.50195048011213,299.752741795686,98.41267991660789,46.13576768612745,114.42420118128382,146.06400401168918,167.42101736560434,329.7971110229108,335.3271355172566,9.973782967682006,7.850925673225384,1,345
251.59632364479316,226.45181001874076,5.145962175748349,5.777135720358416,273.5026424027353,192.1933252455069,258.0915498865908,302.23601397815025,93.83681053052548,44.53468624133557,115.96456969713644,149.79465812061343,166.94944512481055,327.77389704037046,336.2411854889705,10.361917307574364,7.965993448032169,1,346
250.2719887100581,226.50102775247225,5.206132698859438,6.472261521026811,287.6596014209674,192.94782747838363,261.9479549254538,304.05588964833385,89.43364712235689,41.82431975202218,115.3094516477108,149.92169117884114,167.87492065928447,329.1724724282468,336.6350943531857,10.737942695452276,8.198155501966898,1,347
247.23556505214052,225.06089600596547,5.395238459572926,6.401180589759728,292.43898804888977,193.30477424171653,266.71510098560896,307.2117322200042,83.18600986408325,38.52314639730801,115.67206034932713,150.52222256281863,169.4977098502523,330.7477823156848,336.7232995815972,10.648658517824696,8.465186762253127,1,348
249.25990937495655,223.75552051392344,5.252639764496613,6.354762940645222,242.5489863718112,193.31733265301435,269.3571028600392,309.64419101777474,77.77334515159968,36.62491774405935,115.49038648983252,152.53914659151894,168.89952286877963,331.52676133235104,337.5927026822875,10.320912571412771,8.16476771978228,1,349
247.9377652289251,222.90776629273307,5.107534499800977,7.591228654636358,236.7857169707173,195.9037770106073,272.46125383613526,312.50105044171664,73.21236798474938,34.04981101990331,113.92410455526716,154.090160760314,169.5912777910881,331.3637480990379,337.9145524676297,10.327210112379388,8.205235882236337,1,350
247.0721724972185,222.43211646043983,4.696706552110705,7.765135098669441,229.4057989879769,196.31192630838035,275.96495098041225,314.1183272859508,69.39918423846542,32.99261937107927,111.39619216807893,155.57672332358368,168.4320256663089,331.34406864114453,339.08758361738063,10.11693597282344,7.679269979260259,1,351
248.68975183354652,221.7565750452152,6.074644371404401,8.428305512164568,232.99651166232303,197.66902069242883,276.8974385017786,314.9622668681361,68.36831219477003,32.54756694676695,110.30480064945064,155.8035925932827,168.90738928864195,331.4891267035228,338.9880820999536,10.765843028423092,7.690564154504151,1,352
247.93568156941825,221.52647496651696,7.857714154341552,8.788940173236965,241.1710127961457,198.60286132377476,280.21575969199694,316.61141608699506,64.98442730127117,30.42139842002371,110.2596168152565,156.02968246379834,169.75376941364016,331.6811365808577,338.9386306084755,10.949465550877292,7.783092267363904,1,353
247.0571704796536,221.76844910513245,6.950909214152651,8.657617573965917,261.5513530867641,198.1706782979946,286.6271752923625,317.9750121213837,59.77738638329723,28.53876644242284,110.90209244186444,156.00523860671032,170.49208384292882,332.57426431110343,338.9391368016238,11.258101583207106,7.946927930651864,1,354
247.8710913855209,221.46652967293903,7.564731985910842,8.507888564267144,222.04904260934197,197.0542613100587,289.40813198475473,318.7739582831959,56.77103890997738,27.52448661929465,110.41852236212678,156.59980841543694,171.04608137571444,332.294456079495,339.22052357159765,11.3727821201466,8.084157356650662,1,355
248.45678815898796,220.68267335214836,6.553042788543608,8.726180181267761,230.6305763622543,197.48007175738195,293.60711245334505,320.77254251714544,52.70064529789127,25.69967584114057,110.41478297068632,156.71541470174176,171.6696856083182,333.53423784492713,339.2114159542617,11.014447318579572,8.223003953629236,1,356
249.24328243165024,219.2107046445493,6.047157377298404,8.001451206989302,228.4705237996038,196.46104088384,297.1887898715223,323.1481884390094,49.792100009243605,24.125344155682143,113.1115847720808,156.90050813769128,171.85256015471828,333.78643749549053,339.6336177186544,10.865806547897302,8.086151276094592,1,357
247.76259691236717,217.9592661014585,5.416820847641204,8.757090855049487,234.8145716466177,198.60635172884625,300.6384628406265,324.58749556117107,46.24669781022539,23.914592687176647,113.51000971910464,157.58945540459678,170.49994699566565,334.31316320588115,340.73790815020067,10.697952781079232,7.730904684931696,1,358
248.57187974398573,218.2191831257039,4.568846921413199,9.072837695905504,240.08485762720557,199.10493609995547,303.3928890561995,325.46930484630616,42.6040916505711,22.32449359925244,114.43641583648812,158.16123647817938,170.6862200158916,335.041339184523,341.04249352455696,10.738780054896774,7.729616713152986,1,359
247.79701637191465,218.5485291201161,4.97194606473719,8.32241212392254,234.80033297249764,197.96019155526815,305.20828607458725,326.5208493922941,39.96022961077894,20.71574094855997,117.31331201638234,158.19902185895842,171.26851277433124,335.4469973400419,340.9026511090248,11.21192890663439,8.03944924449188,1,360
248.1496956653956,217.99285332159508,4.838222439371521,9.091089576016255,233.56997037303384,199.7518193093504,306.0687911629975,327.37080990121115,39.30377138032755,20.0221777702925,117.48161931075828,156.48957645464745,170.7178168644971,335.9006020676213,341.67544971083566,12.097684745904823,8.335547697457447,1,361
250.2932200423975,218.9520741761197,4.941105038364137,9.454232465874425,239.521567748918,200.31424714073944,306.27990880638185,327.4025404016992,36.64443889292143,18.686641373349246,116.99483225743136,156.28160233887468,170.46883705592154,336.8017749161326,342.4878076259295,12.465229603351766,8.482144355919369,1,362
251.8877447727266,219.9632506750268,4.709281785668399,9.549730829073964,244.30142233073732,200.5040667607365,307.08451471658145,327.10958279580075,34.283767695183215,17.210229603511888,116.58769869262096,155.68504225419193,171.11732845000387,337.77902670481706,342.3343931279505,12.369623578396812,9.243968909392448,1,363
254.0939905270789,220.52481859954244,3.5870279427472966,9.54409262420031,223.78871326337335,200.74746715846368,305.3785480366208,326.7247968389208,32.25480920082104,16.414537641408817,118.2709464143494,155.7905903844859,169.65778986476414,338.3270579115371,343.6749987831726,11.93783221669545,8.550034212797918,1,364
255.64274398688008,221.05129406131852,4.260995064839868,8.90846309308361,227.54569517913444,199.62264778825963,305.048852342701,326.61320957691845,29.98461654068152,15.45254636293344,118.29289958244584,156.1548982971034,170.227831658113,338.7411517086343,343.8140857717363,11.919759784988884,8.648980667169516,1,365
256.80749927842623,221.55504824391133,4.454987534317345,8.002134115488273,226.5834982419276,197.66164232673287,303.6641384668651,326.49414997198016,27.49980171121041,14.434251498250584,117.9441044228724,157.04399380865462,170.35016120072368,339.20237117911,343.97728224892546,11.990765232353056,8.234293973579108,1,366
256.53518508299874,221.91651298554976,4.243249607045745,8.465010178790479,221.746889692814,198.89836346996387,303.0096429148281,326.5297568645224,26.44257001173715,13.975132612676516,117.82756829431466,157.84350750340292,171.0335952716154,339.09632850276626,343.5853758509395,12.534341500315357,7.724399903062813,1,367
257.07875981022335,222.1362060595578,4.305989883783598,8.986142053613007,219.2411976443855,199.98783633056107,302.8720532778933,326.7577994043696,25.39479090235405,13.672839890578716,117.69434320013846,157.8425306551877,171.36359827622093,338.9571317169936,343.2616886898863,12.335623848647923,7.4669117382255745,1,368
256.008110510125,222.35297227839425,5.494073459730052,8.517490430269499,226.1239453390099,199.0085993108503,302.77089529465525,326.8850755057114,25.62069245766914,13.85992131995799,118.15477407830402,158.9551162268849,172.4144171690223,338.2611343679592,342.27072531334693,12.214794671168908,7.595579422511792,1,369
255.0946807676922,222.2833835064297,5.263019335780872,8.56177818257901,234.31084611959105,199.2747687589685,304.09638835337626,327.11515002308124,25.956323613741297,14.177329302585145,119.21739984634706,159.12111500836608,173.85766500316788,337.9460568972431,340.9974734752183,12.276719332135592,7.884178910824267,1,370
254.4381026465757,221.6387064994485,4.469158693884423,9.144438599765689,219.48999856200425,200.0735359004273,303.98839930233584,327.5312005577449,26.485408865606548,14.491674253004309,119.599707084541,159.63220627962826,174.73692435345814,337.2696255641782,340.22919979058304,12.22755147226315,8.121447845479718,1,371
249.708258822196,220.60888777896457,5.991588200548922,9.232988607369473,231.73932541933797,200.3300250644376,307.5798485162731,328.15568710180617,27.409461626129325,15.009153644543344,121.10204018206268,158.54442608710178,175.11521450958094,336.5878000089007,339.72470549450026,11.97239872522672,8.160561470301944,1,372
247.7238948827105,219.35082858140305,5.5744491855986125,9.918252690842706,231.9829403145907,201.85878373828916,308.6541684077911,329.55464070906936,29.411810528572477,15.587767516032056,120.63701896085838,158.06861276732306,174.9694581143495,336.20170759728245,339.4226244513877,12.125304699138594,8.216207710768545,1,373
244.9661834493668,219.2501589683992,7.001782637250917,10.752735108753186,236.9280782569598,203.2067735796415,309.6261145038918,328.1479149448567,33.765438406856774,17.959241454181587,116.86469283583048,156.18106924604473,174.78217398807257,336.7164626973602,338.9719690618906,11.856647160385448,8.384318706274861,1,374
247.12898484365405,218.3690450143761,4.1016385659092665,10.273350589650226,211.7092304119883,202.00743901278727,307.0099150143057,327.33230095492854,38.64588556926881,19.912641682714867,116.52923772357444,155.37166780714142,174.5469412767688,336.8523828156249,338.66883501737965,12.065427717488696,8.445275624897764,1,375
246.65097238369208,218.18541807256588,4.294882921903701,10.565363648573609,202.22895404835995,202.56401387919936,305.9038230032185,326.8127889739514,40.79468292362379,20.91271914168267,116.57762918425944,155.15082599695438,171.95498480075935,336.8272440220194,340.1291400256418,12.039614592793413,7.74241019319547,1,376
246.5470992808805,218.73184793110815,26.35216026921954,9.174386266597924,213.88416158431795,199.5349374388216,302.0752814607937,324.83868581839926,45.08933068230516,23.857151016349796,115.36702698238024,154.70285439021765,169.97416408086073,337.0050633518114,340.9177658352392,11.733700329221834,7.755270542686087,1,377
245.97032789305516,220.5900363822898,159.5306792429042,7.420674149900441,348.2518377200888,195.86047524457237,297.8710274437028,322.1170311426608,49.09794433929028,26.54089548385029,112.91020950371878,155.07572490800086,168.54917788927918,336.97963094267266,341.3568844590917,11.30066451088909,7.971533105351224,1,378
246.81292380975813,219.7950361229533,21.954871754789693,9.320342283934224,216.8835913363632,199.6923355807248,293.40739666604145,321.49929797699303,52.6578011181768,28.22865449501657,111.05276177950024,155.73770358312296,170.5638752340908,336.6491172894636,339.7606048258901,11.25929457199656,8.794936167927618,1,379
245.39158080975332,219.8033668918227,7.195077086119723,10.064408033613498,220.74113876108956,201.218504798322,288.7577233852135,319.4117492840846,58.61171126833578,30.585163862813864,110.53399734351888,156.09217941596825,170.58886589464188,335.9232584534328,339.09850052500184,11.060678103135256,8.293587744611225,1,380
243.46379333274805,220.4988025006749,5.281844110321714,8.491468140229754,281.74547593827685,198.2367479436705,283.67993345394166,316.18094629876344,64.90468984874792,33.63937229318254,110.08728691351553,156.03836860075103,169.48236718701114,334.65914510705034,339.290678928274,11.03688731074256,8.196491839601158,1,381
246.87353259590887,220.8034044829088,4.348368536913831,8.446386385030003,223.80610770087432,197.9626096607776,278.6658558694841,314.79038721216267,69.86071454452201,34.827124876324824,112.71973790999004,154.31424208161638,169.27179369026396,333.9728739295469,339.0530545587364,10.973041438257312,8.320613402502033,1,382
245.78008909651496,221.40178023784145,4.997768887463912,8.510653659285161,282.5416837671812,197.81073406895595,274.07852323766986,312.1119241241041,75.06151854683297,37.17701785653043,111.49986702995544,153.56148346544558,168.55776770488995,332.2194261065217,338.9811026936453,11.274866609260648,8.303021338693103,1,383
255.6882537745733,221.99144281007895,5.280452830798222,7.644267095069872,254.02802547546344,196.62061774329143,266.6481548947828,308.7745388729276,82.07378388242665,40.56523199063258,111.88825374725644,153.28979488881495,168.89807405796884,329.77385947787934,337.7049388639344,11.92153040654675,8.766807016443627,1,384
251.7366179693326,223.98183119298068,4.79273127651473,7.217695106217161,277.39728891174343,195.90569594466075,262.1630305525252,305.63704832640457,85.17205067200261,43.02279732988372,115.59531215560771,153.7218856042811,167.97218708935256,328.63865451987385,337.7016745844292,11.550889010327197,8.654396407590776,1,385
250.4019579806699,224.96757768849253,4.420809692705658,8.648624479804644,219.5739998131856,198.13664824411853,257.1664283116547,302.20085917533885,91.22724310062344,46.21118399390588,114.1897752731552,151.0471617660274,166.24271233404767,329.2611683694384,338.12593167653023,11.04444326216952,8.396146033154944,1,386
249.1556540805183,226.2590443804832,9.08434573553167,6.9141343604184975,245.2350898607295,194.8091612999348,253.12194591085893,297.88053284404015,96.7791644381557,50.27553352094184,113.534407473904,149.63994095091,164.83144907318638,327.83596340216246,337.64006279786497,10.843607023550977,8.379615867224954,1,387
251.35485934219395,226.8653494568354,8.630607492552057,7.050566383481745,221.3296420421497,195.90132346868,249.990011974798,296.40654542656245,99.89524350038128,52.00168347091924,114.81174300137538,147.9926599488984,164.64553852177295,328.1920332833032,337.0293070057697,10.545945063471338,8.376435178942028,1,388
252.0208315728817,231.36221382543667,5.6981361716914405,5.176262293734818,205.6691461656056,190.45470855650652,243.87975610717004,289.2188272693563,107.5979657174375,56.5066669785674,108.4882088576984,145.79860426592904,164.2696568869541,326.7693137112821,335.74935049549254,10.520992176849129,8.68254888519057,1,389
252.1775137533185,235.4162259589808,8.999317396925708,3.156218845312554,223.58090832188853,186.57117672092195,236.5054424547534,282.2728074499545,115.76110459062556,62.059628712465965,103.15284716681522,142.7002976960331,162.82948442167933,326.688367790794,334.7614593968216,10.264143743928338,9.06703740507574,1,390
245.38078409319215,233.300469599166,13.77411609707882,6.166244902929753,241.7995394116164,193.1022964030188,230.62532754569696,280.9695625335819,122.75510133064078,65.96310463423545,104.73069571217216,140.3181015499391,161.4394468452251,326.53509649806216,335.0937165320206,10.54287935670144,9.34104728802304,1,391
250.5139902415409,236.05913510138672,15.285390485701706,4.7361226652563415,277.8913298657063,189.2434283295917,226.62819554019768,275.2269206089106,128.01210623700584,70.63236403594316,101.1563626151984,139.00258396606696,161.13058546474113,326.2878051740214,333.26720698480284,10.377853054314096,10.287949436088269,1,392
251.04701172332665,239.0736664884924,183.00117622097005,4.141136496228614,1.4705259727864357,187.58263107407623,220.932461705359,268.4167369247555,132.63547290755412,79.01302038326442,97.23520565595229,138.91556191866837,156.361112694175,326.10232170851754,333.26355460353614,10.2838104181255,10.352949133048227,1,393
245.42240262165052,242.1802791144212,198.182942163844,4.816327165698021,8.984262166585273,188.0754192503273,216.5341029054795,262.2276604060212,138.27304168628405,84.72079284172567,98.29115538740342,139.56558776425334,153.38660705253608,323.67479776732307,333.3572929355198,10.244144718341602,10.312488243967158,1,394
244.7040587658912,242.1063622464202,10.364279937228524,4.728226397958863,196.6093499219944,187.5810129373436,211.15519426029687,257.07528678177465,145.89246983138253,94.95996475444186,95.56259986449707,140.75733385550075,147.46114482706813,320.6217696160016,333.3154859850601,10.447870535996367,10.24689568577617,1,395
246.1919474765142,241.96199912565024,17.373991394222717,2.35627328222207,240.0840812538082,183.8757382806473,204.97153229553612,251.8973714187624,152.2100067976589,106.6727314760718,97.69307959258992,140.61747447180272,140.3997519442152,318.5299885522391,333.4337161630845,10.419862968014542,10.203959780927065,1,396
247.04882234260907,242.2720959723817,10.44326308342228,3.190435540205576,197.15536984857823,185.51219418845184,201.4260203271077,246.1929437475923,155.61925352258976,115.80566100296188,99.594878200337,139.7490690858347,136.18240608600834,317.9814897635625,332.95890737563144,10.254430933754035,10.309342929249985,1,397
250.474860477904,243.18520022891065,17.490397226363804,2.1220395272113195,222.79982394541605,184.061734715888,193.4322369406824,240.6033214861614,159.89179498376367,128.25824672966232,102.26627087610974,138.77584366267817,130.5770019906545,318.59476900361904,331.1260179906893,10.12384028409422,9.832902824173011,1,398
248.9456210630956,243.46990421780723,21.85682907488321,3.667874117284634,280.5250428179576,187.3282828707592,187.55474235665176,236.46447893011631,163.54349930939406,135.9640606911204,100.11574057445192,139.7682358960363,127.3646087956489,317.44209076652777,329.86773033451897,10.431878127702928,9.707956517063636,1,399
247.21262439222176,254.30207630021224,211.01944654508327,9.507665589614426,26.241361654088266,193.3457569609065,192.85094510763827,224.73247576650576,167.28296249299726,142.12286096176726,68.35855977033476,140.51920544659737,125.39059520603192,317.61808025857863,327.7162031383975,10.81439116986052,9.617813483298224,1,400
248.4042613055977,253.1859758614393,348.8397935102739,12.493385213157998,167.0558640647706,196.7522696650984,189.18918200325524,219.92864540239376,168.8992168764036,152.77780594893784,73.1355140853799,144.37190094487295,123.42986256998084,314.18929832142186,325.0176631012744,11.88458987766248,10.284825230073777,1,401
247.2376877902584,255.8004224135904,17.668537289181025,12.491799872479596,325.6443717802072,196.3603136497408,182.27707658863045,212.51156363139987,171.3453489377794,158.36657859181386,73.47436387071261,146.8101489366074,123.3874126014632,311.8654678264992,324.0738622194617,12.355648520726753,10.432507333306289,1,402
253.08480546277016,256.70916872415694,6.640788724323867,25.802572484593,194.51049850027408,209.62368014757695,177.06054694320915,208.84645290728707,173.86459255408923,164.58090587570118,76.04384673077966,146.77720700869514,122.18388376034156,311.7769049913144,322.5151919378939,12.249102965573211,10.841244411652754,1,403
248.6763567784555,257.2889104767692,22.610900028828755,14.784687385154886,331.1886341691465,198.27481111595264,170.37272358155622,205.53506549271887,178.17740702240934,167.2168608605163,78.89488513448309,143.31404697399398,123.13888221371212,313.6672870065801,321.76261935550247,12.47896452103108,11.01000636607318,1,404
258.00168349777067,258.8105901822957,23.282740599548667,11.862142623727596,318.33648914587656,195.14215550434517,160.1739564366998,201.88015800313136,181.5765811922771,168.5877207559103,85.69876712039212,140.4487163337497,124.32234505878804,315.4724219838994,321.06818649625825,12.148340796102786,10.670134704383871,1,405
255.57110282455875,258.8614656148992,28.57753152401217,5.966099141722925,310.82597873531296,188.8023357424649,157.18642160358075,201.86795488019123,183.48585692218225,168.32666470880167,87.65767667176337,140.05291363485148,124.72221048150278,315.387040456069,320.5577204618502,11.902071383282534,10.417485152275932,1,406
255.8632392955709,258.41449935460696,29.98023512528839,4.5678087453202405,312.67221562481114,187.4409019699415,156.4158691441679,201.6269485482877,183.0713843668975,169.07650577715512,91.77149616816784,140.63017904833114,124.59775211660438,314.6064361069022,320.7185946145024,11.533820418093011,10.42876591870652,1,407
256.45034309016296,258.8542142409944,31.23799505442234,4.441693939166907,309.7790604277639,187.6316575769848,155.1231782031683,201.49762252371315,183.42462793566597,168.73775429072026,93.5742465196234,139.98094156919626,124.44316444152754,314.9226691448012,321.53241071335435,10.896908436010484,10.092705057870328,1,408
246.64333861171588,256.15300421159424,28.963136342162915,2.8814982830195843,325.0868649907921,184.98456996683467,176.5811168626889,210.71236777687503,174.20609349284092,160.1331823124335,94.55706458756876,140.41097099461214,123.72955134632316,313.1543803063251,325.1892354979157,10.53141506043452,10.322780536083547,1,409
244.51431913718855,253.7498099820232,27.38810877678578,2.525151545056917,323.3831001783876,184.0237329156138,185.07861118229843,220.2307702903936,170.53515763652206,150.6208170509559,95.40279235221504,141.46860785901063,124.73976572366716,311.32879669878,327.81393967487764,10.281734073400512,10.416694110262508,1,410
242.8301889863967,251.15841879860844,26.26028765472652,0.7264245137325602,324.68784343742175,181.1634639212691,193.240333486558,229.61029077522932,166.22319154554322,139.28466218396622,96.58848816870017,141.47293071252508,128.97957221461894,311.2228119691199,328.2278037542763,9.980977759691807,10.245281623658098,1,411
242.23160724764236,249.4269108958415,25.961906060461,359.3295796065946,320.7693035738479,178.87866406576674,198.5508904904688,236.26453797266845,163.05476182790994,129.7344390743824,97.4853193202714,140.4680616294201,133.52702139539932,312.278579347494,328.30834656224454,9.598715788997351,10.059793469338898,1,412
240.7578711899978,248.2412548473617,24.622623789370277,359.7217283083138,324.114300553968,179.53652078781204,205.40018340223335,244.0664590395104,158.6584041205543,115.06422230296708,98.3431702239758,139.26780291215397,141.51825899530985,313.8519482159369,328.035472176578,9.442338479435085,9.783061975469892,1,413
237.1476215944689,246.2286789732193,25.12282335485761,0.8179210520103811,326.6701724485906,181.45375223364803,212.4514151341097,250.8681265869436,153.64392030815267,102.51588203486754,98.19916883184382,138.93140642631738,147.89871273543326,315.04547396607273,328.5047553115044,9.467737184247394,9.546393129823608,1,414
235.8045920811854,245.21363415074296,24.28180394130753,3.677851775102616,329.78567017804494,185.53329387262843,215.27205220921417,254.51860138749583,151.9380491366239,96.6875421594131,98.91109814667963,134.05709728662802,150.0497129083731,320.0610089361223,329.35745102083376,10.00732218571318,9.238184661874032,1,415
235.833567577482,244.55067270105005,23.420064143080342,4.239443679692768,330.4664805070319,186.4978941954737,217.20657440734809,258.49241275447747,149.87814098241003,88.97596610719032,98.15835521504977,130.97984981059466,154.0679764077442,324.1170025318383,329.83895735241884,10.069468491544525,9.14908683231542,1,416
237.70115627463636,242.5518341318869,24.32438071231276,4.912271997691097,327.806282449277,187.85223340683464,217.9751195111268,263.186503056423,147.5408821066534,83.07704315422474,98.3819635924511,130.5515875123382,157.0065361246145,325.7932492910059,330.11716016912504,10.351149366018973,9.123602759988051,1,417
238.19491361027832,242.0593191641502,23.757774156566843,3.731258734953252,328.1773689213495,186.07737932008263,218.1301746683072,265.3928515022528,146.52741726307988,78.86228172074213,99.4182092197571,131.82582306535707,159.61657562060984,325.00078657790715,330.2595537624998,10.539083147826346,9.112814801110948,1,418
240.7854203053346,240.5645026042044,22.345834821383143,3.2008598267150004,326.3026468387624,185.6164483447056,220.2770804147009,270.0678724038588,143.5654010401437,72.39081831335798,100.655327225565,132.6188068401182,162.8332887629264,324.61070620038663,330.5038943816758,10.556308496699671,9.131185090066149,1,419
246.8713802607431,238.57242340530232,19.77054978637933,3.872733638791477,307.68436620875684,187.5288028333065,222.8261793292964,274.8847006105838,139.4067841222252,67.33153606443427,103.51222050841088,133.5225504533627,164.57572095659535,324.65698109759865,330.9779166166411,10.427808418371145,9.01833562485805,1,420
249.0770391396236,237.04208419076963,17.241280192141158,4.0757733795088935,304.1054747274562,187.95857675881143,227.1025869757273,277.98678880962257,132.5089222103831,64.59736630541688,105.0691146270169,135.3446199673465,165.50169262744947,325.7320693820042,331.2136363226776,9.999599121951686,8.945855321131786,1,421
250.03383251915332,236.24319146669916,15.423009005981507,3.8855609619780567,299.51961554511183,187.8152969371906,232.7014620531625,281.2751231401866,123.793160743993,60.80720946213718,105.9494488998709,138.6110639874113,166.9921147517229,326.76357765700783,331.3486840197028,9.465483344592304,8.90930603094877,1,422
249.57668081434844,234.8093903406106,14.08233142614401,4.666105103657552,287.20843697280367,189.8934414319012,240.3567858462184,285.5965085440393,112.56314167725655,56.6073003932754,108.0348203436534,142.85985800913843,167.95491708977383,327.3131937122289,332.1086858206276,9.24031655442729,8.693619050501608,1,423
247.75810333849856,233.62822719066787,13.333190280716288,3.930133832062683,279.0563293178809,188.46462879104757,245.2518999710744,288.0910031937089,107.65849833537212,54.32591869740878,108.35102871855815,144.4838134445541,167.9431109120545,327.42381341126395,332.7469009037459,9.302700172990033,8.712316260696223,1,424
248.24746654767367,232.02119826606864,12.155628834772584,5.266524259265107,274.26473911584685,191.49954954404075,250.2920196216346,291.9050641953311,101.387176505844,51.14676251443558,108.57831367914729,147.5432820520059,167.8866108409922,326.84106495978625,334.21532153658643,9.51042296585566,8.81852062601773,1,425
250.95314068786377,230.869163232075,9.782145016598706,5.384047730837601,253.02814808375464,191.93267125858983,253.76219519650903,294.8475888025809,97.398415933443,48.46788956818192,110.43601263462251,147.32183312230688,167.1988402959582,328.32738735257203,335.8376639327616,9.977168755070473,8.632029387308584,1,426
251.2882558217374,228.61449421431064,9.891746074762276,5.897690795347688,255.2498308343173,192.84513491839823,255.7429615576993,297.51097397009966,95.076624077103,47.09668231591407,110.52795044484282,147.3669194411717,167.13306448511418,329.0715849736169,336.37350749345654,9.875247128085793,8.566525144891417,1,427
252.1285659074477,227.2013301945817,7.224742552331141,4.888850615215483,241.52865415556653,190.9003726974516,258.5649989714999,301.266240230656,91.76235742883948,43.97877356643952,114.18412475276952,145.99688257675234,168.09063441578053,330.70347232522386,336.41589516640096,10.020248100400474,8.714043249554665,1,428
250.92939519075048,226.3118975837361,7.893734505426124,5.666019990573132,242.9740136890592,192.5132332153818,262.51873623409426,304.1154174319654,87.08198872398019,41.138063235094165,115.0799731554266,145.94419206605136,169.1845145579282,332.9382612291261,336.37591050786284,10.35778230979928,8.778480610244726,1,429
252.12143587953608,224.93882771280752,7.079320741788199,4.727129517215675,240.8925085804691,190.56316450070207,265.610738754778,305.8072769248708,82.6364409252953,39.74383658950509,113.9049932203508,148.09778985436688,169.76488486107212,333.39451811761575,336.4971493215481,10.378306311432762,8.83998599404632,1,430
249.57575763465348,224.8673255085264,6.659417437532879,6.688153499150878,228.4536710086748,194.75179042322557,270.1208222834018,308.12057719847286,77.32571721268498,36.87747974040139,113.98607207424996,149.59879961784557,170.12799580290323,333.8739635206012,336.9578799075694,10.313666283491862,8.801644313421942,1,431
247.3824923733742,224.92253054213757,7.330393757181664,7.400078863105404,241.3287037162208,196.00262085594957,275.45833224803533,309.87502988518696,71.57035095657578,34.69987957407172,111.58260856075589,151.9732590970631,170.04828051139393,333.63924745004203,337.5539170698047,10.465168228358769,8.708091103133716,1,432
249.1222018544456,223.7356125025604,5.924925366388047,8.168063538002317,234.177941387828,196.89977621912675,276.6538615697339,311.83247235188804,69.63831131942216,33.79250105148495,112.08076936893109,153.2344392286445,168.2294538218773,333.4060289204697,339.30467666187945,10.581699875027722,8.032856523521028,1,433
247.97815431868892,223.49909548683829,7.084275617954812,8.201378098670078,231.32590797389008,197.2640064652278,280.63260996733226,313.5729307040472,66.1447920333593,32.04311603129493,110.40180387649218,153.63969005604568,168.1886235285168,333.4895225646054,339.5848982477983,10.5717209544984,7.812366175336962,1,434
246.6187813162961,222.26188423609227,8.23582664334514,8.60898515472195,228.457678614051,198.5687708886123,284.3884487735495,316.0238582357976,62.84694219342751,30.39711301151365,111.03720187794671,153.67409874952912,167.41747176621703,333.79970724460225,340.5145767988032,10.572737784552247,7.43320700497431,1,435
247.87981777866656,221.34267601590665,6.9709194216782935,7.88299391997861,217.1297063014803,196.6162629114121,286.0950609902733,317.4093943321289,61.58086075592625,29.513878096638063,112.54528845599177,153.601087383686,167.79969582213153,334.01625936528785,340.51855095647056,10.741309173483218,7.510467699298611,1,436
246.573282534781,221.9203159102312,8.7331396101223,9.023145025719709,217.25171395381693,198.59311452775376,292.4530302952911,319.00336140832883,55.721549827767866,27.48708970283396,109.646743355501,154.07591331138983,168.08674406805395,334.555906402649,340.6335781324784,11.035162075754636,7.683394319441002,1,437
245.918432346752,221.0222156523611,7.67269311104569,10.030614183803376,221.372022840857,200.37527376377813,292.67252558325515,319.5052287845376,55.81914441515956,27.43611495061057,111.47589402862089,154.05644999787788,168.54574076215877,334.8298148861287,340.6917929802688,11.09588318205798,7.825955792419917,1,438
247.44104424463217,220.32393763045104,6.977208310421204,9.086987677536843,218.94584232511505,198.77286996890723,295.62696811883814,321.2808566476018,52.18932012070513,25.326084179190484,110.59239421473367,154.63713617204286,169.30308127129314,334.8553038491918,340.87875992931544,11.287522224355644,7.907591622553814,1,439
248.79352240772116,220.29242888620612,6.551361499772352,8.644409400496073,215.62035300711864,198.3575531718621,297.5726035123612,322.140538676592,50.75254085716417,24.327342725348988,111.01876793810747,154.06554676002335,168.87438037184876,334.9159634120751,341.5371670403129,11.338900966033622,7.805657225455084,1,440
249.43883897020925,219.85406741705432,7.171546163386189,9.34667806551385,221.7713355520085,199.9600033755914,301.2839396913886,323.7710645797895,47.46277380796211,22.64729078406936,111.65506613889566,153.73520140385128,168.3088652904202,335.1022040280752,342.3065886629004,11.71340904034589,7.778352608835988,1,441
249.3031829360503,218.926826018327,7.238431133715216,9.330372689526133,226.84247210708588,199.9366625635865,304.1142943398256,325.2191897539019,43.64657717293027,21.65055858571066,113.28480504732906,154.67710703228838,168.38131106870637,335.4095022018273,342.629665467023,12.005157142717062,7.546653936663654,1,442
248.26425367112975,218.31395802833347,5.810251536603739,9.416859736870192,222.3602854445236,200.2600722509224,305.7523249000595,326.4900406290271,42.58151540034514,20.78580121070198,115.60039678569612,154.0046727646516,169.50030980609213,335.6884125599336,341.9657518106606,12.295602156507142,7.757465294145616,1,443
251.97686801688104,219.30126041412876,5.29214576025407,8.207516315200913,220.5807259939176,197.7283768341496,305.78760741624694,326.6435241067662,40.08154143086968,19.356606710003717,116.3597633527339,153.47814616452135,170.34481815065232,336.00188463459807,341.694332104778,12.67596298283048,7.896344381737586,1,444
252.11634189835436,219.58213231934465,5.458089125401278,7.834640141458818,233.18999426469523,196.91720042712828,306.5610165669354,326.8067517415829,36.30935736180718,17.673329171808433,114.79110521098978,154.4189770562783,171.27198982664575,336.8637889582532,341.4352240389996,12.431355108665036,8.279622313871938,1,445
253.47689631662135,219.63381988274784,4.605490000273195,8.936195311543067,235.25565203757876,199.40323551299983,305.23854984957205,326.86750806454364,33.7778063514095,17.170364776040856,115.24207740325753,155.54505466864683,171.8804485842059,337.55878742154147,341.5078102448002,12.084089951370306,8.455590753656763,1,446
256.053364703363,220.5981420234021,4.039196390395776,8.62186579247995,232.02499838333569,198.71728332501792,304.7172278056592,326.2689788817068,29.786161731492,16.056178598721267,115.0579818273574,157.89284550915838,171.95318578480922,338.0691450606205,341.97314359680365,11.330550573641478,8.447552427119106,1,447
258.25605383983225,221.3335320007155,3.899911340055764,8.746365273923628,231.89168045216772,198.73221129632503,303.0607364967149,326.0952259249423,27.03472976774125,14.757030234371909,115.1069694356949,158.55233404682,172.47216839980575,338.7053065892747,342.1210808944124,10.756214231310558,8.432043136645872,1,448
257.6553097418911,221.35908325918092,3.725003655037167,8.939176178590664,227.4820261029483,199.3666122997991,302.68984084820846,326.4741730999403,26.74443448144917,13.989895798097075,116.12287777888882,157.60283864025757,172.6268789824537,339.40784119359995,342.4257927296738,10.848445432254769,8.324860650862295,1,449
258.4201233148319,221.63321234486511,3.9448492355730975,9.285515612218148,225.8554410996173,200.07972312938497,302.36088201140467,326.7838824236042,25.34581603728193,13.432906596675844,116.95030296345944,158.46574727339234,172.18683470442778,339.3892125160704,343.0417504208006,11.003253283032654,7.917294692915812,1,450
256.88985057065736,221.5077266574536,4.2129852638395935,8.74168837020665,220.82806215718804,199.41627930683916,302.2673106210056,327.2011863315625,25.63251557594855,13.30597507215446,118.16558859091074,158.91054539011714,172.3709066501341,338.81296786947746,342.9158821958137,11.054903799168075,7.768673371031822,1,451
255.12733421160945,222.40896629293192,6.273670872653468,8.583403720927917,220.5107887850084,199.0519011849121,302.75600535653035,326.77806170507,25.87874909413144,13.448623089293664,119.00046543610353,159.06841418241007,173.01169777216575,338.5125525587575,342.3624041070541,11.0442711478321,7.833625379342215,1,452
256.0291013567502,221.93445059428515,5.727836905864703,8.002593589227725,216.85305089982188,197.8495868397461,302.42327296668856,327.0352362896369,26.831356732278312,13.814061158799342,120.06976782116372,159.39521229473087,173.657690303917,338.0536989122573,341.7294434131291,11.081129733533482,7.987716234402808,1,453
254.5157291767285,221.1755559876824,5.756700119815552,7.700141944901145,213.35534473836628,196.92261299454867,303.9038339893828,327.3751222682317,27.755823157267628,14.31135062868394,121.1252528599185,159.26550274886256,174.1693679370294,337.1491619808611,341.0778138506128,10.959602858059956,8.046003943760407,1,454
251.35657606320208,220.46970133059344,7.303188451895934,8.595783159796238,223.4003148487248,198.85518310404925,306.6372414745337,327.8458343278707,28.233653773923,14.665577193547437,121.8879571425512,158.42666963252157,174.3481105120992,336.51458708480766,340.694085652296,11.06123071188071,8.075446922997841,1,455
247.24555206907792,219.12573011013453,8.743781339198815,9.920366043476369,235.29981344738772,201.66317382308583,308.78922584941995,328.6264933390266,31.037056131677964,15.86715070518715,116.06098310826818,157.38657650789878,174.2429982589084,336.4068546369261,340.2010235846142,11.08688112983874,8.149883769945358,1,456
249.88455335006404,219.38696045723705,4.340397124742078,9.226591786117792,211.1382625435292,200.03123433615283,305.6569300146729,326.8405972994815,36.16488809113367,18.521387211714497,118.17639549168132,155.97600532155064,173.90815874228065,336.3832664216861,339.91200522747727,11.12454061130798,8.107225560287953,1,457
249.6610976919372,219.52759101967868,3.3839991972079595,8.882413083152207,201.6934345935519,199.1996075876216,305.2601436238981,326.21255294979073,38.96761452901902,19.82368708097345,117.21537348760762,155.6399470368416,173.2083926286655,336.2196049444255,340.06234173966726,10.841945125044782,7.935754840436277,1,458
247.76008408149315,218.3207385323469,4.449359549646983,10.278688798336365,207.35444244947087,202.07888351472724,303.8354359714934,325.7430233671695,42.30595392899909,22.122938636115308,114.67694997991369,155.40977984967734,172.0817009666058,336.0211436208729,340.2032657423011,10.783287242800997,7.828005450808162,1,459
248.0901468537236,219.93495372501883,153.5740543210908,8.371574445012694,343.9945702736209,197.7867633153686,300.1322278823778,323.4999933381621,47.02007199293523,24.79077608811265,115.22606460627765,154.87605078510543,170.7613745965567,336.24525774307165,340.54774530389875,10.964881259581444,7.817071408280921,1,460
246.52825314264612,219.9678767504072,103.4262875047149,9.193526131396432,297.1884847580501,198.99705802272277,298.10123671742065,322.07491012164445,48.89581079089797,26.842995535250918,111.6874359828444,155.11308614722967,170.10589401106043,336.4450712742161,340.3581703549193,10.980582595286275,7.998230967331414,1,461
247.35737783502623,220.82061385964568,156.35587715822777,8.786054008933489,346.70490543200674,198.10707889141452,291.0093329405628,319.3364222942675,55.29201545903989,29.5882812598712,113.33693050566656,156.1543975393822,170.8204370205712,335.7995990725947,339.3151820876594,11.282816539846612,8.006103954313431,1,462
246.66171008747816,221.38688929280173,7.452142803159806,9.147905514559168,207.9173145475776,199.19295227153012,286.3215394359874,316.82772165517633,60.70939749889291,32.140908898929546,113.222927700335,156.0259965515937,169.53495505582757,334.57564993058054,339.40306419731115,11.243882702671993,7.812456276329581,1,463
247.54854742776288,221.33657588179756,4.832717485081474,8.20288705243818,204.53715319773136,197.17762655111144,282.31002763194704,315.52325012804545,65.43177787764455,33.76867846123878,112.7222646270012,154.87550292480833,169.51854342772384,334.3793321014844,338.9831521714283,11.012678390310615,7.915834162677261,1,464
246.57744926839385,221.2227993347068,3.1800769321116995,9.26083289132568,262.9349728711003,199.1733567900068,277.874056988302,313.1653996142768,69.14742424780822,36.30639818433705,111.63241640312502,154.50784842934706,169.44953653745884,333.89877911697977,338.4219416763094,10.8669306380485,8.099752320580915,1,465
254.8640227012326,221.3449760121005,4.115479703002444,9.315635310117829,277.4190073083339,199.63042121089808,270.865099955376,310.3093046535708,75.36418636195708,39.29464545849214,110.70453312707836,154.53696561085863,169.40231915826354,331.52420647413413,337.499807894786,11.982484161509614,8.541900906727136,1,466
252.6784213358912,222.21923896193,3.752352337709924,9.351048099611717,277.5976156057535,199.83868127018687,265.28829266323794,308.179168041284,80.72074204943804,40.99312151290445,114.55999140327911,153.88130402592972,168.46600892577516,330.1719071154433,337.9274192773132,11.57184554807848,8.519084057122166,1,467
257.62486279534494,223.99890073037855,6.691330316455807,9.089361035806029,248.0581088340419,199.7648603043983,260.0313082930194,304.11107178116765,85.88405774018631,44.27595256542542,114.30465643906078,152.39811623366523,167.25870836205567,329.906255137596,337.9408741592181,11.242368475584222,8.463491474647192,1,468
252.1183866846389,225.73460295770377,10.495146812710828,8.450524261935847,234.07237567780817,198.36213990667744,254.76685834214317,299.9230083166983,92.55748730066654,48.123340631542426,115.3766338009747,149.85590601590815,165.6011805379671,329.9874774496672,337.8329053806862,11.112251275361483,8.32528130132329,1,469
252.710604732782,226.23466060417195,20.490472066175304,7.816759828237626,208.2129001399149,197.36204557836564,252.00036529217664,298.3261249848189,95.15868536344388,49.88538989195647,116.29574930989652,149.44413120909556,165.67261662437838,329.5502783154489,337.07378542996764,10.877864644361244,8.344150956812,1,470
251.39884246694143,229.55407984289505,16.2687962987013,5.998921362922528,204.2173301082402,192.4467031630793,245.9536064081967,292.60179084877086,102.05320654723874,53.92647322275409,111.00100301107057,146.58292068179836,164.41104500948953,329.6354390294589,336.34482937015537,10.5472176171916,8.316947353500662,1,471
251.4886140876164,231.88096083428664,11.605148436045656,3.444650383264646,206.46352092021144,187.60423602122376,239.35074499956625,286.71826972803484,109.83057512938828,59.64300606200378,109.4338573483556,143.7593649938034,163.7018290913764,329.30728921942443,335.06816848844096,9.899926990279994,8.834667411384467,1,472
253.15734485379397,232.31387993443437,11.482002638549256,4.712384746269215,227.92566364868316,190.8217193673848,231.93934891722668,283.8877461453425,120.72456317674067,62.53533430305769,109.43035896924196,138.87649786220183,162.8710711908085,329.03286181488585,335.19629252495463,9.976904032732667,9.338992539588684,1,473
251.323958183559,235.38200359973,13.124099113213523,5.836416167290561,238.95921079664987,191.85728385129588,227.92312563663515,277.53719152426856,125.6735277649046,68.05338554046946,103.47921839127572,138.32591312146005,161.14233274829533,328.15450446171906,334.1841817224938,10.193636908457234,9.696562820114387,1,474
250.52591740499844,236.7209558492578,12.284426721831268,6.1672849458798655,267.8447952608092,192.1156339869292,225.46624759429537,272.4137148328653,128.85460638551163,74.23653634467315,98.8539818303877,137.7744306081427,158.10717266434546,327.6020070521487,333.76945266477287,10.224160167565785,9.830927404448994,1,475
249.9911573061608,239.155022422118,182.0976784707137,5.7326972471159445,1.1345027145851525,190.1068425737368,221.40879625848248,267.3365576083704,134.63733304387526,81.2184724497628,98.8868269755039,137.60764971107682,154.04650915289392,325.6924761237791,333.82103896915385,9.890379246127988,9.9000171167411,1,476
248.51671834828952,241.877492489234,191.0327386577921,4.018533237352486,5.5513963528394425,186.47434237786223,213.5761751251548,259.9501140790046,142.99027194139575,89.27930830792977,92.8851576129834,138.2447927299259,149.49456968341894,322.6936401584892,333.9028180062648,9.712984696645345,9.91201660514224,1,477
247.0974805117056,241.4318904296801,29.649191084554825,1.2131667465743765,230.05972090425792,182.3457093696473,208.81197868061813,254.23893467417355,147.9229351523914,101.1693149068838,96.235053257583,138.43582297574883,142.90824092803084,320.6077970399439,333.90410478915794,9.929887145636387,9.976170192657772,1,478
248.6209629757159,243.70054164083777,195.20008674766495,3.0076171718843443,9.198775308976614,185.4490107873195,204.56393755797623,248.7600045212697,151.8761596838453,108.78071660003198,97.1836801381586,137.91889762146224,138.87231904236856,319.7912549653104,333.7986621358627,9.958668790531544,9.88962894874887,1,479
245.0464937979571,243.48785039766796,25.809166446938026,1.993782142942996,218.07154528882452,183.9779659239053,199.3536076179567,243.33299671409756,154.99363534789646,121.428697482767,98.1270250480629,138.32071123679634,132.4622381789402,318.6219762809578,332.62993114842754,9.981412250341313,9.719446862813337,1,480
248.07104985276445,244.6076443069529,25.257756359298423,3.8356556814921774,237.6372272833164,187.33818383096363,191.24376058721984,238.76927764909271,158.71418580940062,130.81229372842157,98.60202422811314,139.80337440874573,127.51540879976228,317.2676961376232,331.618828617846,10.31483471388921,9.54339096263804,1,481
248.14310840052832,244.96305930027555,23.36707808704192,3.848323704327629,248.10296669342463,187.2927259191653,188.072565898043,235.8043451284793,160.31883094995098,135.5137397847452,96.51587068844734,140.67990146744054,127.65917656484623,317.30025460955954,329.4780690754,10.177443014088553,9.629565951328358,1,482
248.22711248376964,254.07321490692996,216.2826914625205,10.184110673943762,27.589190179994432,194.11849022321485,187.8678979864971,223.13624837550336,165.59626125051278,146.25153850326944,73.2166326971779,141.93755016492986,123.4034743748554,316.3165254338447,327.78394233990394,10.346874715005104,9.6093843197277,1,483
249.23180867126607,255.8481102323888,16.866846043441,8.962790786032887,307.50443851424245,191.87912208756617,183.10057517007036,216.10963650914024,166.98674760867104,154.4585941740285,75.35108138040958,145.21495039719258,122.2923435395836,313.50740023939693,326.2973098010315,10.80556709098565,9.863157774753564,1,484
244.04113352062893,256.78599424128765,25.656702014601336,15.884613300431646,333.78241979304187,198.75971145303023,179.40342018726096,212.05468223829013,169.4324465465431,158.8497594918808,76.4972503468673,146.6356450667765,123.61139340262363,311.3591963154329,323.5577249029887,11.602131645977044,9.996436616774918,1,485
246.993961391464,260.0439057781591,27.011285717945725,13.68342444733275,331.4746413713185,197.38418364354615,172.9726902265729,203.3781045788992,174.67267426129567,165.90769616827905,77.31182498633287,144.730202719473,123.09048106396683,311.2997965699135,322.7949270518371,11.815191693804431,10.27648475378311,1,486
255.54836365890267,261.22662047814833,25.98682235476697,9.764366219129132,311.05027600216147,193.10622999323232,163.97363489316274,198.89285351987715,179.3286290548605,169.19083869757264,85.02806746728963,141.0234993668588,123.97686153026515,313.7039495010537,321.95531679454007,11.7093971833907,10.16292583805941,1,487
259.3231517987307,260.1070459645413,25.982542645861237,7.875972130285238,310.01172423312886,191.0114572976172,158.1664849451502,198.90450557264708,182.93966506584408,170.27197585883673,90.24516538233544,139.66570198897554,123.63177744093812,313.9709290634727,321.8619072541211,11.610237592197471,9.91180448132904,1,488
259.23959102400306,259.07712207897487,26.734071188984068,6.547815661799141,305.7730148386295,189.77613320778397,156.93777052466643,200.73395415025368,183.29167577120336,169.69961457038738,92.34791262496243,139.81847724851548,123.53628234479729,314.0895975848074,321.98986919940586,11.201313009552214,9.927462561798825,1,489
259.24863504545345,259.31318521940074,28.555995089354763,5.705410437952255,303.2890159533988,189.12569789701143,155.2447900677883,200.65564491611852,183.82331527498084,169.82734913254245,94.09340050909898,139.26549677206026,122.9531289404114,314.5312840690946,322.8148587187085,10.435347180044973,9.765066695390496,1,490
257.5112471059168,259.0484102599432,31.01598956644077,5.360477131055396,301.805844738932,189.27812156183944,154.91139776931274,200.7953668690276,183.77031377737015,170.87873852094768,95.24759854295203,140.69418725136302,120.12833558553815,313.672578261099,325.4094961211343,10.074548892596098,9.849758742655176,1,491
247.25988621180545,257.00354943367915,29.55820988001874,4.439720889483906,320.8068527198331,187.04452723962152,176.29161462437406,211.3218182382934,174.15171382689326,159.874304968,93.93699315660884,141.71049755689342,121.51141041553832,311.81342780689664,327.5392487232384,9.696476153294247,10.041680453052964,1,492
243.26238215410535,253.68723562906447,27.487807704246528,1.8165429154282275,322.4584126138417,182.97736087920495,190.247029181098,222.0985398214588,166.9214221240642,147.79452026848514,95.612923035036,143.44945015209035,124.72412853622698,309.4195539813842,329.0589390814372,9.61039678794973,10.064419641032446,1,493
242.8023512505636,251.9974306511387,25.26592632651548,1.3812535650208533,323.0559743312582,182.1067523721943,199.86365467840608,233.11157144472813,160.97974053890093,130.59017871882062,97.63869003527662,143.8269908489578,132.30313431091753,309.2870674581098,329.74464661568675,9.50437271431936,9.999232339596912,1,494
241.0005494595819,249.5118548475704,24.52276340708325,1.2378298422065388,322.17269525529105,181.85634897441523,206.5315839364321,241.83886513312777,156.80158147932016,117.87130371954252,98.47794641532202,142.2911768534187,138.47904969246113,311.04358912132125,329.64550845514555,9.30964105750342,9.855525553720508,1,495
237.33568279566853,247.15498805221404,24.40388226755273,3.358155641035524,325.1043509414265,184.9241920364488,213.8478069809493,249.29520193589016,152.4033731759253,105.14380152777105,96.6917346532568,139.1496235188069,144.98805825460994,314.4011034921807,329.9900331103006,9.353786434584064,9.567380479050568,1,496
236.00326567891096,246.0836975097667,23.8919156079664,5.809395490958698,329.53843810222844,187.9828708883751,216.6763733406184,253.98957485156689,150.4580889719602,96.01025557676893,95.32108082312232,134.369236519935,149.14716115640988,319.8052661346276,330.7637320626591,9.964887271910465,9.13683936263114,1,497
233.0542712518909,245.8910518687002,24.794745322106408,3.978313548857232,332.744189051983,185.78947872235608,218.7194931490408,257.5477412609333,148.92806849618205,89.57228151762692,94.16437877102103,132.4696437020262,152.60740677868887,323.1493803132774,330.96354688740865,10.22819807868689,9.05292482180693,1,498
235.30015697218715,244.490969610474,24.03365024439583,3.409612295361693,331.7137235145223,185.47504892680388,219.7531010430789,261.75935751854365,146.6165579657328,83.31338656752435,93.29031258305542,132.16073197546103,156.30738345704816,325.0579618413626,330.8612506115834,10.474863434106576,9.047667642737531,1,499
238.16523049285396,242.0402580715655,23.112840278826912,2.568088116114601,329.473505459965,184.7607218875121,220.80311407448116,267.5045283556568,143.9914188764682,75.37552074660405,96.2099881330797,132.13494509916987,161.2491637988815,326.3517937021333,330.7755247061196,10.767128681247591,9.065746642610156,1,500
239.9654821174668,240.237624308175,22.32496669962753,2.440156816828136,328.99252787420863,184.67935508891173,222.10601588625644,270.6852680419238,141.81262447173216,72.1317405289946,98.28919362250716,132.30771329857788,162.7980516323238,326.5139806789783,330.79863159415083,10.86025369833395,9.119729396656174,1,501
241.4107193123391,238.4864873377364,20.181043058239684,3.498772358771741,329.2840633827896,187.1871295123127,225.50848590865584,275.70371350071287,135.90469703862487,66.55907883452892,101.03577927853136,134.60377163107506,165.07007725826864,326.61441821230005,331.01903737773154,10.59672375810922,9.024662271131724,1,502
246.7304552189987,235.7629538677704,16.83518974118868,4.083427081410247,317.6029695106299,189.01402965576935,231.56844732696737,280.71924910322434,126.71193599147482,62.16460702043004,105.42076558887204,137.37346021173283,166.85264725446066,327.47481898673664,331.1597942361931,10.072366974046242,8.936486397837864,1,503
248.32154063241197,234.90135858693716,16.522878378988278,4.126968842254567,297.03270909701337,188.99893489781857,236.4026253655658,283.1504881057474,119.7114058294324,60.42663980318682,107.31995413383812,140.23959205875644,166.58534447427928,327.6106127708472,331.8439993706447,9.987362023093835,8.789610380722253,1,504
248.3241071015929,232.3901106041157,14.69269539380278,5.2602284775643335,296.1316142325695,192.05393275769245,242.357948319306,287.70782946278445,112.42503893502388,57.26305394625756,109.48411905025576,142.22151527188163,166.02362786142777,328.3941230089512,333.35169446937243,9.806534885862972,8.705701679402464,1,505
247.87735610328323,232.2943130570846,12.552349986889576,4.8901728280584535,295.971954870532,191.2210860416324,247.51710069639697,290.7094289845811,105.59316173334317,52.99856630768117,109.165683581065,145.3222262604182,166.51017748984745,328.4072503023138,334.51750087693813,9.698674350448464,8.658989651112252,1,506
247.74155360587577,231.1764883588569,11.69406346964737,5.950066109714783,306.0482783346915,193.57724741107367,251.66521693247043,292.7303579997254,101.07661364796446,50.98691736930824,108.70749431606032,147.03721573925532,166.41245467721325,328.51398784638354,335.66546287060123,9.901061918921098,8.823575136217006,1,507
250.97198226259744,229.33856668959825,8.741470583114026,6.242093182715204,297.12580634338167,194.03039817571565,255.21671014013185,296.3908521362275,96.20587110207276,48.70506811399894,110.8415380912214,147.9735710326957,165.85491721343894,329.3700131123268,336.87381505057726,10.05493721372432,8.56480112273126,1,508
251.41624696163936,227.6038627537436,7.545917206316568,4.732512359726879,275.15576777947496,190.67490797724903,258.23403727268555,299.8137652700093,91.59770955891612,45.50853680214859,113.736735151818,147.6383284871305,166.91529126599133,330.6040426673813,337.1254030420256,10.092875855916525,8.560858964846854,1,509
251.25685099900727,226.0791519810745,7.103932806508691,4.606382497848343,275.1066228854133,190.48887092811736,260.29624429582367,302.1033071233584,89.57428767620796,43.66412872276786,113.27658312599895,147.30893585707642,168.08496744751332,331.4517618937925,336.88928494910573,10.451666906812754,8.651360837744097,1,510
251.6663110452196,226.0352495227486,6.448463134274086,4.698088572127534,258.4624478324381,190.730125581564,263.83471502851705,304.4809918695521,85.29014456763859,40.790899840399966,115.27702304319747,147.66410598208063,169.3083092314012,332.3897819018579,336.8114790590754,10.603438391239688,8.685369391251278,1,511
250.09159669356768,225.15837574419788,6.359940719117492,5.653476480314021,237.37886918385811,192.6653441527684,268.2407128144508,307.189365728441,79.07508410444083,38.136000988510354,115.66043863712382,149.59431879442783,169.82081314276093,333.34824644733186,337.1881742470195,10.87077170911322,8.749748002422574,1,512
249.26405966494,223.7342782386015,5.800974124649411,7.206920876027742,233.4031791717925,195.71906385903185,272.0998270091898,309.542491745514,73.47128532343555,36.65269185047234,114.65724971624144,152.39125559356907,168.49662161308484,333.2424711290705,338.445521140718,10.918991817754373,8.50455406610185,1,513
247.6465147417859,223.6628350180092,6.567062341570262,8.0190443830818,238.81913758053383,197.22840557932295,276.86216576853406,311.3044977841361,69.56731624924221,34.51977098052539,112.90603138839316,154.31850850290894,169.04396181872718,332.1964293524247,338.5841194252812,10.957954582638594,8.48248746537846,1,514
246.6229137743977,223.41544922199927,7.3169075144027325,7.99380319183695,235.25484022639355,197.15192803529172,279.8729436433341,312.97267748433325,67.34434011674294,32.910490937276165,110.69885425444852,153.77447918760546,167.82220684798276,332.8810822785909,339.7416201402875,10.66384339802932,7.917772637591518,1,515
248.1471763458153,221.61340747787168,6.020527049566392,8.810196971496968,245.98260759007383,198.6262877702329,281.787302544517,315.18737284064014,66.21418687807,32.206013263629906,112.0856480440537,154.12399457850714,167.5581275580957,332.8676648190411,340.2082178037953,10.639578767663208,7.627422935369618,1,516
245.24432643094008,221.06342502680388,6.483496876801845,10.32687850281191,260.0276272774906,201.23118666133945,286.6415102987226,316.918461513976,62.14498050522768,30.398551956049783,109.9780409064441,154.58629086062507,167.7222499843818,333.25352523075856,340.4507352651969,10.531515255450488,7.49886875552413,1,517
244.9223145705957,220.76907980982804,5.641512322466292,9.99749325531588,240.60580968675757,200.1652222813351,291.33417936501564,318.80674945274563,58.48029163776489,28.85211322614437,111.38685614037534,154.22323131772137,168.00609681223273,333.7181088972942,340.4956101718549,10.6468029790255,7.591094185440519,1,518
247.0344425176048,220.65395838809349,5.764974392817978,9.367787588388833,245.7272331558984,199.385104648986,293.4405956086407,319.9462374089631,55.96441826325154,27.70094356307453,112.19175256044755,153.81304698731694,168.5129390539575,334.13748781967496,340.54769166306124,10.975842669010664,7.73815213301255,1,519
246.77448278758885,219.8301205529496,5.481123849862933,8.58346790702109,214.5502042684726,197.87462802144816,297.6752977730243,321.9332593643069,51.76048153237209,25.2130021453266,111.39578831287984,154.55106648711234,169.87633426923816,334.20015243600903,340.51570422206174,11.393743011856712,8.022733793315295,1,520
247.66194342577845,219.9390569660682,6.754314023916392,8.241816833597552,216.92348318379533,197.52217415580472,300.7844972172048,323.00760079434485,49.34253040974597,23.36800217371634,111.33883296017608,153.78066138105126,170.029658917637,334.6267052734984,341.10741789041464,11.557654150460584,8.02704066154103,1,521
247.2540244383004,219.07291567196225,6.025283270879962,9.454441876727746,216.8473102193089,200.07250988890405,302.4327847973557,324.13717886588654,46.501417224744486,22.678247029932823,113.43652646668112,154.84477792064504,168.3485802175509,334.6289070489942,342.72831445827995,11.70677520713638,7.288111442402958,1,522
249.28400588301187,219.17922091104745,5.6309060994477145,8.44074133192122,216.3786813278896,198.15756800530892,304.1730953645055,325.1202226744469,43.33650350796296,21.406079408731877,114.68582940196856,155.3690108960507,168.83864077224453,334.9476182004136,342.5971775623545,11.973775212508688,7.311595855896207,1,523
250.1704797742568,218.86613432298165,5.279113797120905,8.823967644097722,216.75574089322643,198.993690916554,305.7043338916626,326.3086879405059,40.89289781092433,19.931654923269804,115.59196137333632,154.61429624549064,169.64579349685786,335.558922521559,342.396067015403,12.123402568955177,7.297280878433898,1,524
249.7171916585619,218.848245756461,4.995201982329034,9.65519895003683,223.2927541680752,200.44881794398825,306.0868923023668,327.00630980048857,38.91360450730804,19.27768073812577,116.8275457485064,154.8537246101838,170.38351148246178,335.97835256385235,342.0522037060966,12.135806236018391,7.46956684180432,1,525
251.7517959708802,219.20035565305844,4.714217119233578,9.847183009045285,229.82749346641327,200.75516420741647,306.6763989362776,327.2385723253405,35.47458495136853,17.81804551461237,116.49222387585122,154.98154539022354,171.07247979547603,336.6704952856586,341.9780727731122,12.020802895261273,7.728091144409944,1,526
254.7458141393556,219.9566424737588,4.084615303537984,9.1825247670994,225.77709351360517,199.27853892604648,305.68577525462814,326.8771497945746,30.91571091155541,16.62178934954907,116.74434510879284,156.905289978433,171.73773933536464,337.692234570446,342.10155432377104,11.5344780849704,8.060640917202436,1,527
255.1488571233035,220.45224957427573,3.403567130745302,9.749672368131227,217.3629156690129,200.8546490682596,304.34963748116826,326.851232506183,29.455314793872866,15.727335022053454,118.18929507518035,157.90620374343104,171.89381409820396,338.1051280019358,342.48558089327514,10.814038991968992,8.01303022546943,1,528
257.02565296308705,220.45578765840747,3.647930840189775,9.46764821235877,222.26576485241256,200.4918652480524,303.329740763334,327.0143267523082,27.85377871298999,14.847306233063968,118.21286118656964,157.60801251628948,172.08632021701888,339.2323700722069,342.8329963638555,10.767073921305853,8.007911661112235,1,529
258.2674674703369,220.98038135748004,3.6132968670051766,8.979631489246207,217.8801285837108,199.73127108339992,302.5793165307555,327.12096176929,26.422250969884992,13.86685563298181,118.68086424695504,157.95036047447445,172.42307890434344,339.5194061207752,342.8743025528739,10.626856265787865,7.957175436241337,1,530
257.1501450002089,221.74476289258277,4.838425293904534,9.131816955625103,219.82189097846765,200.29294901581503,301.9929231502344,326.93269218825736,25.08626484342469,13.455721778760848,118.69327593312435,159.25806543138913,172.43882384212304,339.29439071510313,342.85082235904633,10.843579313921868,7.762629226378473,1,531
255.9437569766685,221.93834543829144,5.811607317505888,9.181630667426244,222.82494534535965,200.6609196603156,302.04091120668056,327.3177850539649,25.285347743608533,13.452097206595598,119.6997812886842,159.60302494958984,173.00300361857256,338.84611278679387,342.1715695868824,10.855058023036888,7.594911069956888,1,532
255.6808022485477,221.80344000496373,5.6475388739283785,8.672963885370876,224.0680458075941,199.7728149122208,302.2962931999151,327.47493199229376,26.238470843028107,13.88041628610804,121.44256223615614,159.3936112813445,173.4684775297918,338.5501016802088,341.5925417079461,10.798066125005509,7.652647526218619,1,533
256.02043731339785,221.4588108050972,5.354782110297199,8.092545059181216,217.7862155005001,198.59097451615256,302.4038131176865,327.6548731425501,26.909200120269936,14.143730238322478,121.94931821540858,159.2132513020681,173.62147825664945,338.3095432418076,341.3822604286116,10.800515784353689,7.72760071326667,1,534
255.2107834593328,220.8908476361053,5.556465437821227,7.954015323956322,216.11615526919516,197.86914802022648,303.5194952048792,327.8553429049709,27.355045968646102,14.5858546955275,122.10328019763725,159.52522652351212,174.20959422275885,337.24025206354975,340.68180017759823,10.577605621515596,7.806698624905792,1,535
251.2266925891229,219.5227934131515,5.678457787327552,10.336518975211154,218.1455505236837,203.68773873655624,305.2277662561813,329.122864060452,29.035931822281967,15.17824924910647,121.13330324468336,159.12414819286167,174.1049888613852,336.37582298036347,340.2679866942261,10.899741657929104,7.796509844770598,1,536
248.74937072441048,218.20805782346787,6.925080587128626,11.17106514102958,228.5591368658469,205.38850361996785,307.3114775785055,330.0522120239267,30.834515077102377,16.245826751898186,117.83620796181872,158.64829055405065,173.61216821448645,335.9884700051577,340.006432500723,11.14357449408236,7.822731002985403,1,537
250.176771135999,218.7351072655234,4.544487563312578,9.182884598060506,208.8256246586424,200.508358022204,304.95548860234834,327.8472698381622,35.6123446222497,18.84637690073366,120.17427928929384,157.68837117866116,173.69284543305886,335.8294168174156,339.54387834643165,11.23693474009163,7.9407617644138755,1,538
249.77126203021012,217.5181126644276,4.09787387014507,10.233968333166612,203.94846689745071,202.4154425763759,303.156588041792,327.1519842722628,39.37611687733858,20.99481584407461,116.69925429031656,158.052371788172,172.83791482059596,335.40883326515507,339.65576684782366,10.78250034538334,7.8592287218516015,1,539
249.04214089216515,217.69637458625263,9.37425660223127,10.23793871306082,201.354936283002,202.20929488547725,302.89542231200323,326.66915304558245,42.23349710582627,22.03640177481429,116.17326655867096,156.46041082248803,171.58426205906403,335.782875056946,340.3847103502154,10.800362339388869,7.905323704188656,1,540
247.63004355331915,218.92280748762687,155.10681084061045,9.057440782032494,344.7284435540666,199.62521367713103,299.4774619633132,323.96912608257384,46.13995696910823,25.276623734154423,115.26819129036843,156.6710547556638,169.89276689475332,335.7978471205424,341.0180794641877,10.584816923593934,7.991239477933641,1,541
248.52482159155815,220.3140609880344,157.40906080173104,8.678525732957256,346.5998785521258,198.25817203742065,293.1533989643119,320.88807464066986,51.18417145541493,28.149629016605772,113.47963006098506,157.10622797040617,170.22230353762473,336.0455968341065,340.16709035009046,10.86060807749072,8.373508832139615,1,542
249.18767013941243,219.9414535265056,12.496860423158374,9.709427177080771,206.4076442677859,200.0534072689109,288.1631420702455,319.76273989627447,55.3104581012084,29.885830282212115,112.80942116744347,158.1430342510412,170.21940714642096,335.7288308453065,339.5527899486354,10.84487751938992,7.920936734965672,1,543
247.35137420906577,221.17680023737927,5.15334007418253,9.79781494276472,222.3809540533847,200.4618371736393,284.5814139997884,316.75973928523547,61.150967100810526,32.14212546266246,111.6588631877982,156.8280283289789,169.4083768212234,335.07597967768515,339.6568394061816,10.742515748735226,7.829521724322997,1,544
246.71230020742743,220.8389889051083,3.5246338514474167,9.468734409779916,279.2087570981208,200.23233492349664,279.1905884781814,314.63631451601566,67.19866398501954,34.63528867834964,111.63090950189296,155.67504707616976,168.84394177618398,334.71991046783404,339.3727604575261,10.60386348898403,7.8420806130861935,1,545
248.2694207198753,221.1116430752129,3.83874506112953,9.408471508661338,251.5327000043192,199.76217715826388,275.64973999668825,313.19994223290104,70.46449960409994,36.247867525524,113.72414629797014,154.86260474286752,168.67280282691155,333.8538810758484,338.8943462379439,10.777708386877023,7.985744648205871,1,546
248.26823076004325,221.95081717106484,3.399204885438021,8.156703444119643,256.1175705736918,197.72154084959996,269.7254881238234,309.8947127660753,75.63736583727508,39.11257076499339,112.96205394969616,155.23595335312015,168.90701788482266,331.63060264575233,338.0155546626656,11.6582672399588,8.336188248285303,1,547
257.0273924266023,222.6362424509148,3.7320978591259855,8.31037180205212,306.06584652099133,198.1514217277178,263.66510729783806,306.5192661887015,82.37735256931738,42.59701579029549,113.48282782952614,153.8504571250353,167.76956391648378,330.28611195610324,337.8419136019896,11.351807309539408,8.29234780501113,1,548
256.47648762932,224.0576047588129,4.893883192774431,7.932636387098345,227.9475118843692,197.4551389183138,260.0781416169992,303.7309064303006,86.35769425447083,44.6911030160955,113.72923982099157,152.11017049153045,166.59143470123567,330.3735883958895,338.23502183902457,10.916431810939743,8.179717441404685,1,549
251.9494090217708,224.93404337836068,26.364672413950174,7.066418005351338,213.69653071091315,195.3616031737782,255.4884687139871,300.39144266334205,91.65316761298456,47.90996491809673,113.21022159432832,150.12889844032392,165.23327050370938,330.3899219978171,338.26377832054686,10.789073231807764,8.043980047237657,1,550
249.1056553730108,227.0607382634878,172.28612540533624,5.969427252323693,354.1932665965807,193.2574817832983,248.48445528316955,295.9802575461604,99.23627123601926,52.14276912597592,112.87055627325806,147.65858034843956,164.43980012333918,330.06364122167764,337.3307560233774,10.695334358031287,8.137558253361224,1,551
252.1028243650989,228.3450894573827,73.98937559354137,6.1648489419475405,259.1936882761414,193.4632116685191,243.0515279309692,293.16193358996753,104.45112313620952,54.502719315458094,113.56753974820056,145.64316080230503,164.328243382589,329.84885313155814,336.6278346304639,10.619339920882464,8.030241494451214,1,552
253.2688362398227,231.4748772917236,10.420139690637985,4.004727104040711,208.78316757549177,188.8314012221308,237.5602142353541,286.8557343818554,110.9136418988268,59.6575876402364,110.61370752357824,143.1020620291693,164.26728826799302,328.92982390556494,334.8728331459398,10.476034498824903,8.608208339046222,1,553
252.19100457993,234.0026681608519,11.662605969839166,3.676400664840534,210.44039184290332,187.96227366053063,230.1417022479851,281.32833656686387,121.13120401223192,64.9439954630663,108.68583124916196,139.4558791563703,161.57912996091298,328.33781233263284,335.4662257619632,10.77208472052624,9.07208686738576,1,554
250.12783903334065,234.45568099047608,15.417806422847042,5.559634732161987,257.9184801958278,191.38540109200036,227.7349208045385,278.4756064847246,124.1853701771419,67.9263006342827,105.82801668797264,139.4822590786123,161.6820056403445,327.82492665914845,334.0497545641087,10.572264549814347,9.607556658541164,1,555
249.40579498794432,234.392955636154,14.74240586671812,6.871154254880716,284.48195664331973,193.28001762227208,227.95970950763373,278.21252972501577,125.00104110567378,68.54979801436603,104.10327465411372,139.9636295415634,161.13480921711977,327.4456172644074,333.95614303999866,10.525855193122812,9.940833744554125,1,556
248.890522933583,235.5970888350753,183.72755543875607,6.0769887149399135,1.9857998889124804,191.90884291016383,224.5370910563393,273.40070209133927,129.85925409045657,75.05753314029252,102.15145750851796,139.4931906101565,157.638725167432,326.37617414760507,333.89158327920927,10.350518452954722,9.895927395545897,1,557
240.64527679119752,239.8589455696596,203.70172330077943,5.368787935913765,10.960747737347262,188.8676764778907,217.33286593849255,264.5259819762343,138.08533589637793,84.68973715596367,98.12545676344484,139.08701218982276,152.45747597974605,323.80880960188506,333.8540522624326,10.05661266583258,9.89252984831554,1,558
249.229456136721,243.1439926078276,190.8800075843085,4.876200420087597,4.77675575342127,187.77018470738412,212.6344712548846,258.4839165722448,142.93381743859584,90.93195310387188,97.49287951335738,140.30435989904169,148.90166343560102,321.2123636803161,333.977197111515,10.13796268487625,9.806533012879337,1,559
247.09448358076017,242.28419883404968,195.8630494114404,1.96907062948489,15.2215092185706,183.32452923698867,207.514109008305,252.7475729590765,148.0569829542218,102.33326137368604,99.52762445139136,142.45859256587102,142.81642224300424,316.86997771275514,334.00352770888003,10.091072762680698,9.807480873002596,1,560
248.3484764768604,242.69150875343288,9.224146928425144,2.677192788375063,189.57244407685783,184.51255807171756,203.0684224142045,248.30608102477788,152.63584033272625,112.45030188860504,98.76488727053244,141.13679093265924,137.11442041886528,316.75664908501875,333.3919075971892,10.009946397140654,9.824736320095036,1,561
249.35736762691192,242.16863157918,17.42618168683498,3.738248508787728,234.91356416892745,186.39033874922995,196.2309610263843,244.4653080252153,157.30950277184166,121.80728377133528,99.7412652471466,140.5409302066391,132.81340162407594,316.8349199954382,332.31468435818425,9.877077533135354,9.604005537588844,1,562
246.95820146415835,243.1643712222395,21.942571414566935,4.821444558512612,293.9249612488203,188.52576056631955,189.90965976329863,238.8436129126193,160.27412745882302,132.12007993116325,101.17358357278002,141.11065979945707,128.63548732174075,316.167418260154,330.5702501903907,10.169919817801317,9.459756914173628,1,563
249.41607702940664,243.8512114439412,26.177209709434752,5.019544569397025,305.6411181402701,189.2341312266096,184.9310348370361,233.52454766215385,162.8638653576788,141.09620511926855,99.17108336806514,141.40245245135085,126.86627639879364,316.97140556221694,327.92241430227483,10.735892650977778,9.629877833229996,1,564
246.5113895931221,247.83955048375785,296.0787089208182,9.17563697162252,113.4343575187193,193.41780322875587,183.72773196776888,225.9690593497169,165.65663418048004,149.37756232401358,94.4478271148223,143.04733421726505,125.65342029135466,315.4509792493134,325.79073290861686,10.935200799113924,9.661129546179954,1,565
246.31273349849465,251.8400239214404,25.259864837183187,10.050607712031317,325.92294485917523,193.80656846952684,180.8947288700781,217.00528450777304,167.0061344553285,156.077639655124,89.21307531938562,145.9717392403195,125.19114705744062,312.9983420358238,324.49872901687377,11.46188208630113,9.803574669889729,1,566
60.63805799558703,92.56138277348572,199.21588085096775,185.5455787810625,8.25213493829957,2.634738241287841,170.28249899891406,164.43207374534836,185.53221520032685,178.63226479784643,4.319365007019707,228.71549544853863,215.05834228262896,49.80120209884932,66.2473466701163,337.76708094138166,341.51033336100187,0,567
74.81594650176079,101.71078808688222,196.45221306668452,192.7937695478534,9.99749993208195,6.563489987033847,180.43880586574835,154.86702096366778,176.6840139579772,180.7316618879584,10.139337460224407,238.27790015423923,220.351583629112,35.73471488457793,54.490655026925786,344.2044023171688,345.083455926259,0,568
98.1191137439608,106.06778000913668,190.92069952881096,187.8119215240298,5.8364600963567455,3.781165492303805,160.34750498616123,151.9705147772855,178.62286204694755,181.5317608373412,13.718250760180185,233.497698348139,226.13414743505123,38.24798176722262,46.44181976304501,343.0868311388606,343.7051593774665,0,569
105.76085822124551,109.054437169718,192.1398699112947,186.73180188394,5.953065654179284,3.530135781428962,152.49152469919224,146.150381213112,180.9524080509362,185.7203319455237,13.280195012666129,225.4900217030872,227.52405078968204,46.45425500624822,45.76052769972355,345.16890034628096,345.3126325614218,0,570
109.81759124712109,111.7905745964008,193.83980642698327,186.6735242082679,6.631366194068505,3.1680881334969926,141.58461548972485,138.89260244465785,187.17310632573407,190.3465239015685,13.910668536133926,228.25318236852456,226.5426732207244,40.09977937816478,45.16993021776286,345.73774863757933,346.0377533962404,0,571
114.19294058947236,114.8002541407996,193.77843639666665,185.83991861368185,7.015277786778654,2.8640589234785456,134.07281129326068,132.9670313258513,188.93614009074412,194.101671784632,15.615849535459574,227.09527668519237,228.4754714386627,40.9533078747666,44.0067908456716,343.8418651224472,346.50144569546404,0,572
118.35359358965322,116.9845292214291,191.4014982116409,184.4825554141356,5.762074100584471,2.098534819632327,129.1078019037516,128.20697204261515,191.3328768809383,196.8707867660102,16.34429445468885,228.95022477306415,228.5207044639443,36.720974010439626,43.07664736149879,345.2803628528004,345.8099814723646,0,573
120.33510710986486,119.90853883022172,191.440084093864,182.0032029673027,5.753411981826844,0.9780455815837562,126.41539408872175,126.7194190662492,191.9842902861428,196.1871606766812,18.48380071681225,226.8554731848417,230.45675850397197,40.31165441904673,40.496448118628784,345.65550550754574,346.2064837870779,0,574
121.97792111774018,121.16363468417352,192.23601259796672,182.4784367279641,6.124301680791291,1.177018517791954,122.09764842217616,123.876233067523,195.0926680920697,198.14820096951632,19.802797411576137,228.60640286008336,232.2040532378813,35.41877891386897,38.27694152263385,346.2229798184957,346.1043025405429,0,575
123.15457328851328,122.60032037241147,192.1719344520533,183.06642057449423,5.855929785119827,1.4550362895566813,120.0045994355297,121.48387921874723,195.41369460934385,198.65037002945508,20.260915554239038,228.32840663858727,233.91741985809392,36.2368857336574,37.50173198046612,345.8650685767252,347.12783818509047,0,576
125.2645059350738,124.10907416079829,191.88205597819865,181.03426637156284,5.93309168554083,0.5035957754628796,118.68515201965904,119.26254674697856,195.48966138712265,200.6389846833042,20.602254125317582,231.5178030197232,235.7423742617634,34.83026025840454,36.17161662961,346.8378365522464,348.6899719761838,0,577
126.38022974266212,124.257848707813,190.59892012752823,181.5962840176692,5.311475131626423,0.7770650536709443,116.65280831558448,116.58919115220849,197.05188220857087,202.34697615163185,21.232366561137667,232.507896594808,234.9876360738591,34.465369928173985,37.62387737617176,346.6801645415185,348.3059703357727,0,578
127.06892767679328,124.50899788055706,189.83129604804296,182.0223989239748,4.891312447555265,0.9982766100294884,116.43944765205858,115.43707916746544,197.11578712864383,202.9422512904297,21.853920023523244,232.17119755171845,233.8976306383603,35.59950304009879,37.74380297370774,346.3197445246504,348.4035405412925,0,579
126.74172721687046,124.39666344466822,190.30433569160604,182.1187035231296,5.04095725903926,1.0649589688753978,117.47500063428298,115.46597473818592,196.4602731164328,203.31547885381363,22.803245967473288,228.4605121501125,232.9853323564928,38.26054155712027,38.04523526932648,345.9481430489933,348.22417088494103,0,580
126.85423076634346,124.8341079136598,189.51811681877615,181.4143245496712,4.656657685263099,0.7244983096320163,114.64101122597418,113.7049916901002,202.41837886360497,207.0517501988936,23.01942733339058,225.4815722343512,231.47073551602244,38.75312371105981,38.497660372159785,346.26649054340345,348.7629057649819,0,581
126.7162362725936,125.10426986853744,192.97129484694432,181.75210390232695,6.355901972447953,0.9116643452784046,109.4184957646824,110.82860650104664,211.10864397236583,211.9717324482189,23.18273594666641,218.28673844094752,228.79011842029573,41.67458450925866,38.906863543697405,345.8708135070944,348.14712272977897,0,582
127.15229432109012,125.1249575507352,194.09538826588053,182.22162815258736,6.9140354522983785,1.1627704866125923,103.77537828216822,108.10062361750128,220.3761885871639,217.2360894267,24.02561707413446,212.3644073627396,226.9954491461455,43.11097554142376,38.392114429812565,346.0997822180008,348.19165084914493,0,583
128.06980286824415,125.02157735894392,193.71352218628903,184.3976096935711,6.701202921210893,2.2473474765829704,97.58725304096144,102.8459919351736,231.4881619563965,227.83758221486727,24.82375970214781,166.32916133670446,216.9957079578515,82.31855494637473,41.28476904890612,344.403884707892,346.4777375302496,0,584
128.0265481816755,126.20328552812876,195.00710366227176,185.7099586691867,7.539998357845434,2.8546072976111923,95.15307942147784,98.10455771950971,235.32109980084303,236.0292942204653,24.35869342571425,190.6240346708773,212.0575888895688,58.03019851699192,41.82022803791144,342.4686134562707,346.1914772498441,0,585
128.19803207599176,127.03282610834424,193.58646920984648,184.88119688259496,6.807529054286533,2.414725144055982,90.35119676089565,93.36677884670362,243.12903715371604,245.2729475080483,22.69069000430181,204.48424908591448,207.94328781195327,46.44424750799439,41.92839671164838,339.9720009206468,345.64217270427065,0,586
128.5394538450529,128.31214196729957,193.136118971383,185.985371566867,6.575020877174609,2.8812349490773954,82.12404484649643,86.77368458872647,261.31420993364884,255.53516557647623,21.628757289171237,204.6297973500477,208.29650429462416,42.95400851019571,38.52031989678946,339.3807370183003,346.4218081430557,0,587
128.87753267272066,130.2538958689857,193.8148098504524,185.26435912206804,6.8202854043510825,2.587411289431579,77.93225075558475,80.89935171901242,267.8965531658196,265.94810194015884,20.37534763173238,204.9774972861652,207.1335019984785,47.53864320703673,35.509341418804055,340.8471478332631,346.1532418622282,0,588
128.679433925717,130.88984992784822,192.86437263620533,185.19157506504695,6.295354394629552,2.561628691218161,76.37672907715367,77.21031720742135,271.9562889469016,274.16262386202544,19.77871188665,206.0308709152383,206.0137521854972,46.054372834724006,33.832597046754465,337.02195372129404,346.63774190494627,0,589
128.01042767458287,130.71988222414345,190.4450963002828,185.67456400476587,5.119106913801236,2.743644792188555,74.33760502753857,72.84297355657813,279.97100062120705,284.90613861077384,17.24067080313563,202.88457730621369,206.77747590415945,45.3746178155797,30.672419320350155,333.6155100779902,346.6682281342257,0,590
125.79580799449118,130.39708704511185,193.39385963089785,184.63658820473333,6.53818831637523,2.2477439859596813,73.98195440672582,71.76195298016046,291.97512455554585,292.2803024021373,13.381723501914507,193.6773862670653,208.31668693551092,45.64239994791773,27.42817460177753,336.11151596107334,347.4426936361262,0,591
125.1709446281076,130.0333633948013,194.3993213622784,185.17830608526455,6.912739905142371,2.5643537912536405,72.41885800063761,70.72195420206022,303.51496555722264,297.3076902934228,13.417164520976655,189.8170724285416,204.88360629917747,74.1640751469192,30.3574736546335,320.76329242023985,345.712696538698,0,592
125.66897491553196,129.16010571496454,194.42412704109847,185.81202647411516,6.988216662742196,2.9857970569408483,71.74458541626589,67.12345550560005,303.8281844953682,308.78964457423376,13.7706620725599,194.68837229025087,201.02809476652595,62.951165656161,32.41942527638239,324.60545827937665,344.4754377023267,0,593
131.35816940278576,129.92179864898822,183.72996430577348,184.8947718575608,1.824791821641267,2.4979515350127177,67.20942123945447,65.19366101034885,313.81239998807257,316.8458400683091,11.34896951492226,203.27338057316544,196.5807071435985,52.24796016752703,31.26678449015056,328.80333691303986,343.24470991611224,0,594
132.6453089636396,129.15814329910725,179.90986617033252,186.06101198344015,359.9553814598746,3.091346765451541,64.619648469302,63.89632267326622,319.02866373497045,322.6838424108535,7.801123752116496,199.19287934839096,189.20119176288077,44.683838976529664,33.823540942669474,336.9706554419074,342.63252833461485,0,595
133.35850326676865,128.92958158497785,175.1709256962957,185.91371706671484,357.5721409248432,3.166176618374738,63.05847633652805,61.79642634058205,321.3897788282398,326.6566571102238,2.6103643045038925,196.44335263543704,190.21930508799667,39.013460464996406,30.660475147915903,338.5723151546465,341.731701184871,0,596
132.6387490528571,128.8281382299077,172.04007737263467,185.0723029825741,355.9116205218224,2.780485803502017,61.51340637676244,60.14879774644837,327.4966155014392,329.6244373364863,2.0838695911352505,199.6445211202584,193.76252395170053,39.77869475514395,27.807564914114803,322.80957488417783,341.9451128561244,0,597
129.95772167650836,128.88629975829164,171.8049328064582,185.93776732069176,355.82600566590725,3.229874382776156,62.40263742086946,58.88921877964029,329.7566746789563,332.3007125430329,0.3691483674933917,200.29757629272808,192.3313936676304,43.26538849103581,28.57865061524578,319.2581563219877,341.4138614651696,0,598
127.68913255272898,128.02123646901367,174.2733364949489,185.9858162915941,356.96674789885475,3.2814860494150038,61.85050969594652,58.38119652230316,332.6335197714231,334.7933752852547,1.2669999467876778,197.4814044210081,189.26931254006115,44.27633549506171,29.75046657110801,311.76022990298145,340.5583572538062,0,599
124.6565161817654,127.83046696347968,177.20523060531144,185.58943921630785,358.5066645395681,3.087885586690174,61.6137089763188,58.42239352681453,334.1383538726294,336.7520599390618,357.7895826086286,193.6492189523484,189.58880288989644,33.67081182326183,27.884308603164712,305.61434396914126,341.5074632364043,0,600
123.83106606023024,127.40230168368308,177.18267041037197,184.5494544096876,358.55707897209305,2.5113144137435004,61.25519519673691,58.5087820087926,336.5372413756966,338.3201865052159,356.4653591651854,184.0339809937993,191.57730845286412,32.76507335136459,25.4151038372623,318.1690804172823,344.1160356454978,0,601
125.7188331755814,126.9425512785088,158.73018964769636,184.4202256183372,348.23157496363723,2.3908193869106205,59.71716390853939,57.920412349639726,336.53456429269534,339.6369492791828,354.51282157134114,193.3106313876841,192.19485296257372,44.48259358174891,25.25047139903281,319.95059744833526,344.1242060560555,0,602
125.46393067397818,126.24787443753488,172.5106014115036,183.9413374450637,356.0807520019784,2.121558949322418,57.24018180783624,57.7055756784099,337.34256940613125,340.01502652084605,355.55700506338604,193.03620796380625,194.8786907688757,52.2631796425092,22.32332621591152,324.14313615055653,346.1040007958899,0,603
122.88736485934238,125.7386113099504,176.05402453443156,183.7242366548681,357.96325939036547,1.968373531197423,59.935037492504726,58.87382233906551,337.4911116999476,339.625485367245,354.0697501380999,192.7219653349517,194.75684523018063,56.83707644370163,22.126955588958253,322.94590082506136,346.16163191760137,0,604
122.60308866587252,123.10995585382491,178.18936015894442,183.95183718978151,359.08175439235606,2.07070291584151,60.670717037402255,60.63791683290016,339.19216280535613,339.67276031902736,358.0861420751068,190.74241333948711,194.8030194457928,64.16009397288433,22.647164025895115,325.36500138812346,345.97705213212765,0,605
123.42567689750864,122.17908725291612,178.8959767801689,184.20625985463303,359.4242382417196,2.2191018286389914,60.00317999525001,61.54731965213095,338.472578099919,339.019498558913,1.118253552569998,192.50016053007937,195.2304306701219,62.76184084811764,22.85279626024353,325.0394671300471,345.8490334246722,0,606
122.50127127762543,121.31408865929072,180.51497339038275,184.51126229011388,0.2617399229462985,2.3985798835563683,60.4694289994628,62.81320734171107,337.62819651720463,338.4074529820668,2.889888411351328,195.45704534316704,194.9086259781664,61.39494539911157,23.595028796882147,325.6108782540781,345.97067530859005,0,607
122.57024907319315,121.91292213271224,180.6146644624727,184.86932361542884,0.317914446830251,2.6002207762629137,61.25378983923453,61.05957016078542,337.6811387240913,338.3140792427254,2.370317642554294,193.26845987640783,195.1536628681732,63.426910269796025,24.404309744990886,326.3298246250281,345.6999132145028,0,608
123.5768982243719,125.78715760002744,183.0052623251008,183.59895731401696,1.5339282274725243,1.954938920641465,61.65220638743248,60.5602475396608,335.2865327268227,334.6100503755855,1.7208501507267375,195.08362961794975,196.05943953278916,59.03594001430294,24.93554320321509,325.00687289440174,345.5151985902947,0,609
123.80064454514216,126.50292048394412,180.42259183308707,184.01048600035355,0.2135834214805742,2.1874515239906724,64.19663372794275,61.8064004653244,330.3165097469322,330.8478758153559,0.7675161027997793,201.95889279112907,196.1388753371533,50.68580266040848,25.84681740671039,326.96749021509527,345.31465541017,0,610
123.44422280339715,127.09978320204068,179.5206671230543,184.44643637218093,359.75696776835065,2.442485634554149,66.84144025529255,63.3450995507908,326.77005488458946,323.93879354761043,1.7851659965650375,208.59848580173932,196.97041003021016,41.946780606046886,27.193573614194783,330.4029811045517,344.5368908353452,0,611
122.89475165745252,127.91451148380878,181.0003771815321,184.55539880243327,0.5048613420691691,2.4980585153725285,69.61794987318486,65.16124121071378,318.76484674004473,318.59642501012576,3.092444924513132,206.50780012148144,196.30734485684616,33.47617342249622,27.76095608885404,342.9440698099249,344.643728585977,0,612
123.46299868993728,129.50344673547474,181.57266672012256,184.63011923584543,0.8018583467278829,2.5658680449824987,71.05702571812884,65.93482931414206,316.357276239779,310.92096440372256,4.412805736393065,202.0070985340498,197.32671252907647,37.967684160640246,30.15196624027376,341.882815776662,342.81555915487985,0,613
124.75695612388864,129.20011136419194,184.58016418086305,185.74175995345777,2.33631300401598,3.1276193510060235,71.57533029748149,67.96779023359989,312.8666689250288,303.3866891357232,9.257463153979128,203.95288791932492,198.61925785579157,33.332429218929114,31.254269605793475,340.9512772622989,342.1328167396613,0,614
125.2864785054599,128.30203432417483,189.5165354794703,186.89445243139377,4.802912122398782,3.7640738782157954,71.36586995294806,69.71441333221381,307.30348879734333,295.97961768827315,12.438169121903996,205.17046872483303,200.19539349301152,30.64330308424158,33.52442891284187,345.1629277368885,343.64981375483944,0,615
127.44072463491672,129.57132444529566,190.30001305794465,187.01932668102128,5.0156903898408665,3.825812027389152,72.53816158620496,71.3154699084487,296.4046502202368,289.1584663207709,12.485092692826251,197.07539180421912,201.5250616879655,36.64712773995253,33.40544013262505,341.6250624954192,343.7334508653254,0,616
129.5612936586121,130.20434682016617,188.2629798580112,185.836522407532,4.043791438310593,3.206529433669312,72.66298792988036,74.6031239691376,288.9199120039259,279.5979591597816,13.052154632350424,197.88358125656248,205.89010603056087,41.86881311113759,32.34786262534599,343.65156847444337,344.5876727791968,0,617
130.20911476863736,129.86972606446523,187.16295185054608,185.84883583381884,3.4998438562980665,3.191325835553905,75.92320998392039,78.04407476793273,280.087683782092,272.79694471537846,13.915356200796618,201.12475773158192,208.10091623169643,42.6305333584366,31.229770100680515,338.57390593015725,344.8946730328201,0,618
131.7080332070775,130.4100887352376,188.74858651097176,185.8798472406485,4.224523313260224,3.174200543009509,79.21535262191101,79.65501035308459,267.0070736064972,266.18650342732764,16.96902951497571,209.44632847214663,209.8211232559768,39.04605349671528,32.51431276344722,341.80867487885,345.8355131925495,0,619
131.1524044646047,130.98764940170872,189.65354585435225,184.37742953178693,4.709894823187117,2.2954881817411774,83.12685295752277,84.23866844305961,258.1337038424811,258.7495222862556,16.335788254352355,208.76566081760544,209.43192636212245,40.64425451745171,34.16930355635829,341.4784924683903,346.0075491410504,0,620
131.9134666901138,130.8862409196158,189.2421389500702,183.7258015941176,4.530439110596888,1.950632584478683,86.88606382262354,87.3865488065942,247.90364845150555,250.81655903979023,17.623927344913113,202.8608404798294,213.4170287999498,47.83319998234309,34.16086814252545,340.7386973062218,346.66347282623383,0,621
128.6995329932878,129.28035510595882,193.36413661030988,185.55478324942763,6.653308137849308,2.770564176070309,92.81147200075183,90.61429346518892,237.5644959125949,243.03913003314943,18.09821160004026,208.11798227915835,216.2675895080475,46.497713113756966,35.879999059761715,342.5051359224807,347.1424328927345,0,622
127.60462780908824,129.12688014335276,193.61677821996668,185.5059981492716,6.784101953943491,2.6740158050355376,99.33877089076051,95.82038132793906,228.3367810672208,232.8366497441695,17.486362570517286,207.259464002948,220.254768015616,47.359561044089546,36.01929496908785,344.1557695555842,347.4921963024694,0,623
125.4833097709357,129.2180168934357,194.17366026820133,183.88232449545288,7.270295341960775,1.8482499749117216,106.26480008176486,101.52010755442204,218.5755706891142,223.1924947763699,16.92045096463182,214.90724838142376,223.42819514252483,43.4205496019772,37.23646421040373,345.9149341539109,347.73689575212745,0,624
123.88565845613336,128.27387067390367,194.59655035732808,184.1682168414539,7.425367730866583,1.9699106611880663,113.24733602532532,106.66732507244234,208.50160587655805,215.65081874432013,17.26235029474948,222.10449259399803,225.2294259247921,41.237919468789705,38.11328244609842,344.7761944205758,347.9626324661704,0,625
124.58723145180312,127.91572716423109,190.73013590582815,182.8535153780024,5.473269108992099,1.3444033930807822,117.58999769389376,111.01775952348778,203.37408430451504,209.7033075702933,18.661025107133337,224.30812544642123,226.5096721813807,41.05513921241935,39.28378666525951,345.5350626811623,347.7307642187545,0,626
125.53422762516728,127.98583739578034,186.3944671652393,182.3491067764521,3.273057646468885,1.104485273653154,121.61073006808968,115.39771687218466,198.04350554100552,202.88183120890727,19.60811687106343,226.1835187674571,228.86758551421016,38.416441896657865,39.9283178619347,345.1067949121439,347.6216332558411,0,627
123.5085917735466,125.90000467609896,186.7545263684189,183.35964434593825,3.4907248492626195,1.5913599426753535,124.56141186865166,119.41373333931766,194.73158053038884,198.5732451629252,19.38314512115853,226.56338775117104,230.29002051056975,39.58603375193304,40.35335881533132,345.49498314995225,347.417952346892,0,628
122.60163838647836,124.6732161202538,188.63977674058023,183.85420792476967,4.40179448009377,1.8137224614785052,125.7104358940814,120.80272491846875,193.0138416058097,198.1283816501016,20.63583721463097,227.5677125300026,229.7580330931358,40.33935769991135,40.89371406807945,346.2249670316161,347.2504367043826,0,629
121.0358942128338,124.36569794877754,189.416731182588,183.70350825151615,4.7092123056384025,1.720603211742798,127.08838112290924,121.42472628950038,191.3394266780238,197.8169758232564,20.13673475909816,229.2623818690868,230.53331306243027,42.28664088347866,40.446074648833424,345.0655528493353,347.34921839778485,0,630
120.6494906424755,124.00750840955943,189.52923793870025,183.0436411664773,4.732953708556977,1.4188198658789588,128.24118836012516,121.8740383915326,190.14602808400815,198.2989064971658,19.873542065792112,229.65790118352172,230.61315610111367,43.27764117865604,40.25289783015724,344.4359599199204,347.40526249720136,0,631
121.17480873453307,123.3828557926953,187.9062642579672,181.8150950661412,3.94597827657816,0.8555843098137643,128.8877780962847,122.9316461740001,189.99987514824815,198.6224040101306,20.760176034311584,230.22562704736447,229.8635264256135,43.71835523161656,40.934511276001466,343.8045050242196,346.9955890059823,0,632
121.42735856110986,122.95676112627687,187.1477581814672,181.7326995084706,3.5911293324067515,0.8189791225719887,129.7677133243156,123.36414790306544,188.69907897885065,198.39473356179573,20.9883453688924,230.8829996794136,229.8638921747531,41.71965857173688,41.08350890465068,344.59445683328505,346.503466162377,0,633
122.09471740280443,123.12943760257755,186.1914752075983,181.5134860478433,3.108577763791516,0.7194194009820762,129.5675293167596,122.93385256057296,189.0152932267941,198.81592501132536,21.180370161250806,228.7294339534152,229.81994015265835,41.58229289919981,40.99393863138211,345.64640080989216,346.3585600972769,0,634
122.05496162531448,123.2691310109946,186.3388992408665,181.25861400864716,3.1784627812440363,0.6010911876035152,129.58522761286392,122.72806436708264,189.0893222532888,198.92464134794088,21.34910942680768,226.351259193616,229.97902853548223,43.24570983700851,40.90409191958134,346.31147418092894,346.2555187083332,0,635
121.75025775019108,123.25158973033382,186.92139080420637,181.2696317929615,3.4792023821090083,0.6070084518075873,129.71924835045704,122.61127255958456,188.8743672656774,199.1189957476749,21.54139601354848,226.856438633384,229.76778569374463,45.181555289032254,40.96230433467673,346.060145005806,346.1198947233729,0,636
121.30495153264864,122.97834362181622,187.83612912711845,181.6495438324547,3.9370851631374535,0.78870513913472,129.7420632695524,122.44578790155872,189.07909423438323,199.29216237294284,21.72944421297097,226.63957816506107,229.52798179580105,42.57801212406309,41.100922973830485,347.2705916787057,346.04225894873105,0,637
120.76475023956787,122.80832108971312,188.28539360866424,182.05852934667817,4.174944458696757,0.9842193948102248,130.20189290533534,122.18891653045664,188.86223589635063,199.6957435655091,21.48049816333601,226.4902280064641,229.1337751623641,42.21567430878965,41.33386037921725,347.6564264569172,345.9651695724767,0,638
120.5770152344243,122.55810381436494,188.45368295751453,182.2911397020014,4.2650043661606105,1.0974673603491285,130.1610499614998,122.09697835794124,189.1366415183694,199.97225492853832,21.533820990219034,225.2091005719541,228.81918798019836,43.24857314694884,41.62611946733443,347.7484392162273,345.8700964321629,0,639
120.21678585680192,122.5786689931074,188.7051209924308,182.3078459350451,4.3939793836503895,1.104135299856523,130.23760860941542,121.9404365972975,189.00296491727505,200.1386773547193,21.377237165543733,224.87433602024183,228.53247361951765,47.992679283410496,42.07206285914945,346.90374750668235,345.7217620564173,0,640
119.93350870414746,122.59702316546844,188.87329051250825,182.42594454829757,4.471969678355094,1.159284998537089,130.79053899288058,121.73493777810005,188.39704075004195,200.29440012810863,21.422911040084607,224.56446193909875,228.22184081460512,50.826474667563815,42.63237597845745,346.5786246519207,345.5626543203449,0,641
119.92241671472024,122.58715978208478,188.96636177854063,182.4537953319817,4.480473719670101,1.1691327972350791,131.22210176185385,121.6791682860265,187.812993624253,200.3233748100281,21.55681220621121,224.2248373026188,228.0536428882887,51.91922649810012,42.74948103037191,346.6158044676431,345.50678239276294,0,642
120.14508769900247,122.90549031488796,189.12144407228277,182.52323888958264,4.538327421643942,1.2049784199521127,131.0480638629861,121.28946236759708,187.959528608594,200.4139535969741,21.723811000600037,224.20562531151563,228.06385667574077,51.81535891601485,42.66924723337612,346.3725181819171,345.4651075144192,0,643
120.54708010242018,122.77892475748033,189.2631447970544,183.19174081222317,4.676837877804701,1.5426992830437598,129.56382486931298,120.26030993779136,190.42756350851448,202.5865581404311,21.91703296388229,220.24551064821912,226.66161395838785,50.66071585591352,42.72057135708434,345.65125350377866,345.3989567521446,0,644
120.49026044578991,122.52056318196811,190.50859083093863,183.86639969826425,5.303740818777499,1.8658494756861612,127.28847243184552,118.47976596868784,194.0798948877977,206.36256606682937,22.206837821299644,218.6586036384533,224.66618742028223,48.20881717023272,42.59256311041455,345.7478571346889,345.3281082248713,0,645
121.29674604339596,122.73073726099884,189.65121218687145,183.6768436589119,4.879266727687138,1.820839842593955,125.2014003460012,115.98908003739096,197.46126740256537,212.0007148384603,22.403443131696463,217.04570287161977,221.43476790232396,47.28085179582132,42.35979564494566,345.58050914099994,345.3326207908155,0,646
122.06230626901366,122.6094810765956,190.07557666684144,183.70888747578687,5.018133369182237,1.8391734534671969,120.23287981859336,112.75612603355133,205.0054934300152,218.8369490395808,23.36168172520115,215.33546400683787,218.60278235709427,45.645255838776,41.47043827463556,345.69843672747146,345.32747227195244,0,647
121.66757380910688,122.66353324559336,191.73669779371247,184.31703273347227,5.787201215415394,2.155472960980376,113.76633547107492,108.27756097091287,216.31649101112427,228.0347675766425,22.887559553951064,214.8149207884305,215.09491586787505,42.4339025559502,40.01554342790579,346.6677882690471,345.29380814659703,0,648
122.35588552882976,123.5371705471411,190.28976740385625,183.96940633369937,5.031058027347285,1.9879285345772928,106.43057319338553,103.86295978338332,228.61735943619493,236.5591102181094,20.381319941057143,212.9041033405641,213.130112624175,44.88391906388544,38.063289233738914,344.3594598585825,345.1269732810741,0,649
122.31251315581076,124.138372737974,189.93917411986803,183.49426289777,4.874503148632243,1.7751064113688244,102.23772809102046,100.15214811349544,235.5531259503049,243.5986503150783,18.214559278573237,213.00223458093225,211.13689567918985,42.79662003190152,36.65408668793309,343.21413430041554,345.23182833577096,0,650
123.59311991458262,124.5070370869796,190.20487963051255,183.8573520763396,5.1373428708851065,1.9474050523788264,94.72739908182696,95.6702769385369,251.0243540842843,250.12370372732585,17.757973709155465,209.13867416883588,210.11101733427057,44.15132462268176,35.12839927064301,342.88520900947543,345.8412568974514,0,651
123.86467796246602,123.9111003661848,191.6490157431173,186.8998046891847,5.94974112302441,3.472887512577984,88.9302636992134,91.02776222242616,261.0487268009408,256.52063328084915,17.432269483693005,205.13677862322209,211.36903814523507,41.16381102469605,32.82593543347403,339.2775636374447,346.67584304246617,0,652
124.58747714397084,124.3234019527378,191.85334998555425,188.87832198942905,6.023300239996924,4.429519828940101,83.18299233474448,84.3627661441791,265.8719078007258,267.83661429824923,16.382691842805627,213.0032947624477,208.280781877768,34.00971692235804,31.91904951524307,337.3943958647084,346.6857632995285,0,653
124.02713511694648,124.9706453595814,192.619294744422,188.1549391240823,6.35991498486596,4.112391247832574,81.3747038020249,81.02981620808882,275.8479860228831,275.38303315334446,15.130400712104176,206.64594085669063,207.70266338056803,36.13000772695493,31.32713779734602,337.5176594237254,347.0668279245526,0,654
123.51039177893242,125.16895035804144,191.739368579616,186.5713774364472,5.884652341522021,3.359208599977996,80.2895973574023,78.12831432876213,286.5004783288718,286.26416618214193,13.615674502127716,197.35884181921537,201.99403369481104,42.50257119126714,31.29618127311974,333.4471772681075,347.12296866681754,0,655
124.42205761489356,124.88284417435784,188.8932774542308,184.7212594076005,4.500979493216175,2.450266259072828,77.39133774770681,74.63068554022927,296.90184860238253,296.33551693562583,12.2894729104126,191.6791115820324,201.65522463189845,46.95396715910243,31.82278539711638,335.72131152313926,345.6098295868652,0,656
123.15308084718798,123.81050217510833,189.6214466342877,186.14954474586563,4.871382317864657,3.3043637259572023,76.38027960158942,71.55297536868868,304.03313426101573,307.69099718641246,11.448073512530186,193.1564022306956,201.0561248608189,40.77604432185196,28.634954936616943,340.99717869189993,345.46967360414817,0,657
124.51484109662584,124.44473511099277,187.4720656440009,185.04555985691024,3.7557513524074566,2.754009991671486,73.67999485079835,68.95071418083451,311.16691131069666,314.37666767017794,10.504430452134784,197.9896786094885,196.99798904572737,36.21441179946606,29.97766415563321,339.9018604760706,343.72592132952366,0,658
125.19235859918912,124.4576144126006,181.33679852743649,184.8367588469332,0.675768553526096,2.6230045313879016,71.80354023705777,67.95432030556444,313.88380468260567,318.9791248554807,8.006272031935623,197.7419371411997,193.35299163239216,33.441964586411075,30.4967125945769,341.0703739878128,343.6751950436119,0,659
126.2525944857469,125.57054766106378,179.0754652038789,183.7804266669569,359.5375366548087,2.052856819981113,68.34204835477621,65.3558471643308,317.43813211510894,323.2745369785352,2.90115608111314,203.54573076151195,191.83956225492915,31.659050625153576,30.904445691339287,341.2394437397704,342.5697445238981,0,660
128.962451963893,126.21893883274508,176.34244298223555,183.49851610896263,358.2371943457116,1.90739160172784,65.1747550950178,63.289041716649024,324.41234707832785,328.365052185981,2.842217123797279,201.2867385032427,191.21441431371056,31.010616335145624,29.987108520931216,341.2042788917614,341.6333026053935,0,661
52.317087112819245,125.437686241931,182.91862725704053,184.3429954017449,1.3079087688361626,2.3739604954436686,64.49364739125706,60.97412496341272,328.733259406065,331.0795760876797,3.861752525764844,199.13614461250015,193.53590071732668,36.1357626123104,28.588644624858706,324.5179293826929,341.21388414237094,0,662
24.524704766210967,124.17013641189055,231.1520507217793,184.3911695995316,23.88373899289812,2.430532902471977,63.25398373283226,60.19704881758642,331.8422173568471,334.4260873217542,4.518607544583872,198.57573318594527,193.4132476922268,38.035423797755016,27.67144382507823,316.66672019895185,341.81139314046163,0,663
110.39625708211388,125.39792259874945,162.9362492107425,183.5986271462156,354.9343448710204,1.9988585325557051,63.18099786887711,59.103843470451686,334.19049613379326,337.10775146399214,0.2697973064418837,199.1632734589465,191.52633106041188,39.1163776999386,27.94952117571567,320.9128414985137,342.13266067313435,0,664
40.84672425091257,123.93350198315672,187.783953358456,185.5469693058916,3.074341441306569,3.072415056416928,61.597744154819104,59.32266748801047,335.2429638220366,339.35501324071623,358.81162808038846,190.74937874315475,190.70476865478733,39.625318358183215,26.719466002357315,309.2970252645687,343.7283117999105,0,665
26.37997905701632,123.1942426170348,184.33799126411049,184.9858845485904,2.1304098602839963,2.701135230459017,61.06663359134692,59.79390036278526,337.16924734827404,340.6476674806621,358.76061631188384,188.878636375916,193.27403584615203,53.58044072531602,24.07208421218938,315.0640632372044,345.31190205527827,0,666
103.18437398999136,122.9242995536799,151.51915705129653,185.44508247111025,347.3680226745495,2.9357813183577277,60.2394920055865,59.9125511334724,337.4344634640345,340.6877928017004,355.9297676906855,192.26101863771245,193.8472723279248,57.3681848001267,23.35139122975341,321.0655119166221,345.8542768015315,0,667
115.26236543016938,122.78310671847171,174.7608389892628,184.94333861814147,357.3856801638393,2.742564328119398,59.84008235009173,59.91784016893971,338.7093596384045,342.3636539334082,355.745754966294,195.75786610315117,193.6655162567969,58.04095040431445,22.906663991142057,322.0305404560267,346.1635941867244,0,668
117.6211270546938,122.26543122902092,177.89181719641363,184.7343963652725,358.8802936969032,2.598461331816952,60.68654153449609,60.17981193402019,338.7662745257888,342.6908180037205,357.4223166258527,196.78470825388248,193.21852124653947,56.957448521413234,22.86389694485897,323.0180258863031,346.1368242107096,0,669
119.6627279176997,120.45269933365296,178.209460779983,184.6184690178373,359.04015855894784,2.526752628871309,60.95604001648248,61.1776984915294,338.12647067247747,342.712423766297,0.9210203627683994,195.8511852172828,192.94292192111587,50.53749727349842,23.443120625908836,326.13637651453314,346.0506047244824,0,670
121.25374846376256,118.42041122098829,178.42854631040348,184.0820675339892,359.1780015557047,2.263697090568457,59.64848377928634,62.97455826953655,338.011834740026,342.3089841871137,3.5530004652646303,197.436584295533,191.5091347027013,51.874366613248405,25.015454083318616,327.3069749750615,345.196937429483,0,671
117.87822198129696,118.01054204568707,180.32792838506927,185.66691276424507,0.1592773531729458,3.142544283226045,57.9698933945221,63.317452380017336,337.6830360903696,341.1490268885023,1.6882820862374806,199.0609739728449,191.4854433018267,52.911228830903696,25.252877450264968,328.74683711391503,345.10734261218465,0,672
116.07023680552916,119.26194491441824,189.7490528725001,185.72135685824028,4.863712547750241,3.171068418474516,58.96720290016924,62.1250341267236,336.9672406727924,340.2637497145727,2.078038080900462,199.42361800958872,191.64718420691813,54.89287149664095,26.089966331596397,327.6338700682496,345.02480775930434,0,673
118.89351111706748,122.83137576442392,181.07405643111272,182.7435355251904,0.558222670267176,1.4893305837963902,59.37132044055407,60.26476572448254,335.37347339111545,336.90539239930973,1.1303565703520664,201.2597229561293,192.89824888281225,54.689613705918646,26.350838108300056,329.20297041575594,344.80005340515487,0,674
119.34815687126512,124.1674047969146,182.25005278621288,182.83148674761728,1.143652355799129,1.511573108251877,63.06454453482007,61.200492309590175,330.32101450492894,331.88284690174305,0.2459983596656088,201.12434962668704,194.32395861511876,52.58023880992428,26.133936707356792,328.06630484546736,345.2148115756804,0,675
122.84586030143478,125.37380445908406,181.1746112040112,182.733598095086,0.609710497400495,1.4622950699177537,63.408223299796,61.30413313413464,326.7181468352147,326.8627145715055,0.8939235396830945,200.66116847056,196.1588719927145,49.0795753425781,26.837550380992084,330.9482101011221,345.0118384206895,0,676
122.68832124517571,125.9927075597789,182.05436089098703,183.5853666284121,0.9997726603396672,1.9170415917495132,65.40174596494978,62.05516510234047,318.5498604235101,322.56856998327845,2.594958867802491,199.5322782084252,196.53248539385075,40.364207084616126,27.55193131573144,340.017105573852,345.8205976504387,0,677
124.4786548065945,126.87737528183986,182.08731286123623,183.9544181799088,0.9995910687456792,2.1164127489713227,66.36608851408447,62.79779155773984,314.872478509405,319.42909582134,4.834839680781627,203.0043168404744,194.5810326872896,33.620788163802786,29.72536094786877,343.4521921254847,344.8809739996797,0,678
126.29099977050636,128.32913461457235,181.2194013532124,184.570408584626,0.5903997794767174,2.458789044820473,67.94922567220007,62.88423985779631,310.9869845371102,310.57048640067376,7.372132851666803,192.8368505495207,200.4447930291032,34.349105573048526,29.432821166503008,334.3182813244872,342.98265086210114,0,679
126.1518561269752,127.27773905667244,185.47163519213376,186.17023967036369,2.607176326075015,3.26712635190574,69.36224239936632,67.26688610330193,307.9017630757728,302.1647560223997,11.455840427770166,199.6100258240733,199.9388006847464,32.73551000720362,31.41626827596694,340.5138768946965,342.997449194128,0,680
126.41030692757175,126.5027576502125,189.0717773231432,187.55976725533947,4.370198353793506,4.018104590277325,70.69382481879413,69.78923506346001,298.8800694720909,293.1307945683228,14.128319860994736,200.4469932374797,202.10036705782315,35.09728254545311,31.71358644011342,345.5092502460463,343.4208419087124,0,681
129.18728662757965,127.09409474267576,189.3950591152056,187.48375369576735,4.533296681496666,4.025648960847194,71.24722332845808,76.53705055295396,289.2043679278849,273.41745476635816,15.633231353311942,198.41060958221829,212.82904900200447,45.71338968621854,30.707779604730582,344.677068042949,344.8313698963,0,682
129.30638859575078,127.89505358334304,189.3102494290632,186.5269869722331,4.426676545513132,3.494895052320077,74.56680782675998,77.1255979664626,280.86612791346687,276.58765855177097,15.634464135762675,195.41025027468035,207.95657819365448,44.062683804076,29.33565611490278,339.52392238776315,346.1890499991743,0,683
130.2765870267992,128.70632023608238,189.56206105115524,185.8716329235692,4.50276801632172,3.0823235771306403,75.89009207408381,78.6390003552436,273.90600187856666,271.6900539986652,18.120303273570528,197.31996163489265,209.73141257402116,43.317454113162455,29.264131374007547,339.9314465637839,346.80264832623254,0,684
129.8648979605301,128.95087967113886,190.9379316786551,185.41665413464895,5.210388508227284,2.840341388502281,79.71523934841743,81.06540553353817,264.1603230909517,266.75150231642846,18.234632105193327,208.0090145288004,208.5796152323475,36.28740569420162,31.98787774598432,336.6325062120523,346.2789166943504,0,685
128.11454326003732,130.8180911823513,191.24886559812023,182.58929284647013,5.557013001780945,1.3332789055273793,83.6979660173718,84.16118990490976,257.462282245849,259.34996408509795,16.39767573857648,208.30660368245512,210.3852401087114,36.5567756179902,33.06293081088284,338.89210198895563,346.0526288476524,0,686
127.88377255993896,130.092815341044,190.82869127638955,184.2134995283691,5.411593460274219,2.094250136805897,88.37842535466768,87.12054353527769,248.14880073152463,251.0127944250676,16.69246898876935,199.9031577582474,215.53194980167916,41.41461356652595,32.206121097944724,341.4145013695475,346.8464902245521,0,687
125.14237633296638,128.54618309105612,193.63335203798317,185.0052611168667,6.894512314662677,2.433403254648056,94.86438287494389,91.2852555740568,238.477416097773,243.8089491310093,15.418368851203011,201.0947710660761,215.92166815675208,46.6121041630747,34.61234872018595,341.8565895059384,346.9897581811212,0,688
125.89656741237351,127.98753833106348,193.06280540499785,184.7858604828788,6.727059207076422,2.272233441058404,100.4858178045505,96.46672565665884,227.63616506031545,234.74390559477885,16.87097643431129,206.92577994734967,219.00652404233992,47.01169391568872,35.47604504029845,343.3113409098089,347.0557006941048,0,689
124.69666472353605,127.84583605623396,194.247428483376,183.4602710640897,7.273672087146053,1.6453645605309362,108.15773235529116,102.0403513471026,216.27805867675107,224.6446990843665,17.14904512952704,215.2278494658301,223.9247923042562,42.7015013406129,36.18346825777281,344.5366509107718,347.5579526573584,0,690
123.82115564361727,127.29313867995651,191.67395412538383,183.1580400818191,5.980669327795511,1.4659486136320083,113.18442378691424,107.42776393712346,210.46310245527863,216.5879256956877,17.577829074361766,215.92671755176647,226.1093509111305,39.9506555949111,37.141175490706765,344.4852839259323,347.901193932527,0,691
123.89264718890402,125.95479315038048,187.49297550079984,183.7355255715465,3.879351240618632,1.6951419305794388,118.29505632509432,112.05153037502848,202.85132237937637,210.94233730353105,18.926880763786546,220.12171505855315,226.15769844105776,41.869075759432015,38.637677009931146,344.5802607682492,347.55720713443736,0,692
124.59717909306576,125.72629998627494,185.76995549949288,182.14310441171443,2.982657544148651,0.9813518355314996,120.88723101652016,116.82183277446352,200.1537088555692,203.18947429044468,19.54513375386138,218.615192217296,230.69770233530417,44.132595782552464,38.18765241192671,343.99253492726706,347.5315949085802,0,693
123.34552590568684,125.38271807660632,187.5033577458957,182.33184555664565,3.897666079514863,1.055078578991114,124.76486050067,118.91779403650791,196.0836173144487,201.00472630751636,19.732960656033462,218.0417618445508,230.8327958592444,46.31261811557125,38.93836676335184,344.4719292261464,347.29465568371285,0,694
123.49561420552956,124.8964145141562,186.94421723514975,182.11453586539105,3.51181444687478,0.9469931234111548,126.4134685460557,120.19040068767724,193.28878951994773,200.72400143802187,20.74412437041684,220.0481206178885,229.96040382718172,48.09108037702561,39.47169900521989,344.04884627634084,347.35718718364103,0,695
123.79038375642172,125.16904866718882,187.67757310768675,181.0923803763179,3.8731489870847313,0.4951456294819306,128.16823116408105,120.66025070344725,191.19199476959665,201.55190021894472,20.722656795678297,221.05102183524875,228.49703447591128,47.46479585273845,39.71992935894274,344.73441834629136,347.0991677738726,0,696
121.94236355794068,124.18482103709329,188.23380625297932,181.42645422902532,3.99902017833202,0.6485485955712752,129.18449564638036,121.77919614188475,191.43995381089468,201.66568961219684,20.545720959253195,221.21475479332912,228.08687761471543,45.52719519342762,39.92323968336353,344.94602092586103,346.9940694474706,0,697
120.56035273676048,124.07529652294004,188.69652783017355,181.26232360796007,4.148880242878652,0.5670060146758769,130.38955995758118,122.01949712388074,191.7794456629064,202.0171816723629,19.81784223985225,221.14937105214855,228.11040325243107,44.4188944472724,40.06019143778817,346.1828903756171,346.9607825372854,0,698
118.25977118602792,123.97882421329844,190.05113093459383,180.95507740969768,4.864906427563658,0.4254623647313995,132.24697197197332,122.513258319734,191.2910164451086,201.50842533549877,19.864589671245646,222.53572367134777,227.0514811869595,47.50095504284916,42.20615684230178,345.53118098952666,346.285731324861,0,699
117.3545944060326,123.18367516416872,189.97376586157145,180.8373985465793,4.779468202715691,0.3758576501997314,133.9236665180781,123.20854840911106,189.7641121940991,201.40946786138045,20.139770317050008,227.37079897620328,226.3021296255909,41.73438183482245,43.22015768081591,347.60959502927966,345.9354989956564,0,700
117.22120947803836,122.52399044531124,189.5369610171691,180.45751899163136,4.611933624312712,0.2083554061971077,135.15241991120607,124.26346176005543,189.02361929337357,201.14007883911265,20.986786740455276,228.1341016120659,226.45395262285368,40.0082544117901,43.39694186251226,348.01573046674395,345.86457171365413,0,701
116.74471001474038,122.06941190920952,189.71992844238773,180.28066369241125,4.731611220211271,0.1289466401950202,136.51349756238858,125.05608314848166,188.4025875671717,201.08901102709603,21.2505056417688,231.07821407292272,226.4585267928398,37.26263639737563,43.43663327154677,349.0634155371181,345.84171803227605,0,702
116.08492252001426,121.80797996750871,189.0682318415105,180.00033837796497,4.446447429343948,0.0001563883227055,137.6992385425691,125.77410645564548,187.96031744656275,200.6835641045754,20.71685129308572,230.9865610419256,226.78931057372137,37.31045112852497,43.18633414994734,349.2479601610313,345.8607652611075,0,703
115.74840171366884,121.29855947564174,189.0497668186034,179.7938124619066,4.47046641919286,359.9041122517504,138.42719213052044,126.33133186829323,187.51096269144517,200.69435087140764,21.10963294718125,234.2208315116873,227.0470756576836,37.01634921858589,43.15597411742443,349.88044977510907,345.8329283215892,0,704
271.5263311745393,285.6784029351733,11.25418472442067,154.6917096408567,195.282142390163,344.8331561192456,154.9617052218774,144.11385385867672,166.71203213912057,169.31867276312883,2.3125097939257917,158.64972254537477,161.13403070013106,340.0143366130962,333.8233825646087,12.797567029950862,18.645079671803657,0,705
267.906550329069,292.15703372915493,5.273129272921564,140.6679303303142,186.93655940411665,338.1870729639425,178.92073202179233,172.557524434351,164.34060195027718,151.7083095850771,0.7940603134070345,127.72246026310845,132.38137121189888,348.98437382060445,347.2249000795979,7.456800514226717,7.8312781005514465,0,706
263.7495087310812,294.7751507589188,0.723172819259369,140.73288120671555,181.0514916061524,334.05004699726,187.68883797342065,179.6883534359091,164.34977622241124,155.60199710459227,1.1582133336263976,122.35102098971754,124.99669823799368,347.73316722543086,345.8678725848635,8.34261694049904,7.549928597318747,0,707
259.6688645917687,297.2688076975279,2.445340983511623,146.25010206146845,183.2477856819492,340.1446108883581,196.83812732090868,181.8926508037271,162.20189374669258,162.8112682854221,0.0523888046828223,125.50426857957687,123.1970407204252,342.82894838384306,341.8528652316816,9.908093825676104,7.969940157032077,0,708
255.996711251624,287.9866281423204,15.72609316230266,149.30196045352224,198.14668783771975,344.7365219176856,202.23773642978088,190.11704626905404,161.9132636256697,157.61896040443614,0.0642198622747148,126.1214753132286,124.23213080443402,341.99731681877466,342.30980940604434,8.34051582904566,7.425152615104381,0,709
249.02228600433065,293.36812042422895,4.710484176993034,136.30318276886985,185.942399579302,337.3557898147695,209.5792898939202,198.36643479068573,160.56982719395262,158.79509725969888,0.0030318129701323,126.29169183477345,119.92463633565276,340.9047173680607,341.7806957616105,7.5083974612219935,7.411384421103788,0,710
247.75719983450423,328.38412016981243,1.964219457119532,185.33366398353675,182.80734642379284,2.733145249055791,213.4036225169482,202.35815734911208,159.06171449097192,161.16220902802792,1.9698662873691104,128.39462306219016,120.13856904100514,338.674171846948,340.34500667974294,9.084661453732847,7.463450377483953,0,711
241.89303286739943,260.4889150621779,0.402871912916324,175.5527962716217,180.51924361184427,356.17192002914976,227.01186626667624,209.2287527693966,151.40382888965425,161.27754826084566,2.1951846094620957,128.23674716484322,120.17356550149783,338.63326621218664,341.13204189231294,8.819669308711552,6.407547524504228,0,712
236.94140477973588,287.4118447649813,359.74447281614573,212.5136133676039,179.65399416054876,18.585361976288947,239.3891554253141,222.18600601558495,144.42086142816922,154.81699650670097,2.691401982671708,127.11253163176802,126.53165142943163,339.70070359345027,334.46818103077374,7.997486011544221,5.968670868190456,0,713
232.73171734778927,311.43106492936806,6.167210544678088,161.43325570362927,188.52545875939964,350.7995560244319,250.9107710085626,233.8354871092747,138.186354373996,146.4887432991976,3.2149948958625725,125.5803129966065,129.11456415193146,339.7295670517964,332.36804174734925,7.86465068134081,5.966396768108926,0,714
226.90120013401244,348.5925017698414,4.544641847308944,127.81409041553437,186.5376221816447,332.5467320436176,262.0277781023974,243.9225048197004,133.36204562427838,140.54189723846807,1.4397895681544577,125.42539110294612,130.32325622679025,339.2176518110147,331.4412817691704,8.063324857724828,6.280105293360856,0,715
221.63014904489847,3.8188630920436935,5.53245102154443,123.4348932921923,188.08508587563617,324.67694438224714,274.36185958510333,258.31618479297936,126.90548658506415,132.2797327018955,0.0721748962600246,124.42963859366589,132.50147421433783,338.8521823299956,329.1116882107184,7.861355704646253,6.215779304849621,0,716
218.0972665489072,7.025607860341871,5.154122506843686,139.36884827876,187.52097729934712,333.65723444736994,283.35013298315755,269.64022465676186,121.01831984856912,128.1970265695908,0.274754469579435,125.14185482610668,127.80664515328536,338.2903609923921,331.20148578520855,7.972355416601772,6.214992429077505,0,717
215.64530274627825,357.91127507086514,2.835972094596677,165.9169865580413,184.2135140570525,351.621740701884,290.8692478780271,278.0820472219037,114.91235685699482,123.82745609586524,0.2607706363015792,126.98892692739338,124.85597285911608,336.88365898292847,333.3191587399767,8.6484690750141,5.327170075773047,0,718
213.61200603992765,231.32978389757488,3.439600434885046,154.51346274607425,184.9968387521227,342.688769611883,297.43408341937334,285.2564100893706,109.68919085310787,119.52684753411675,0.3437169621250945,129.00740440076575,125.3432709546901,336.0089869924763,333.10698958054365,8.988255727321253,5.437263101775406,0,719
211.03129299939104,219.6323535160313,3.366737037327354,158.64642589963006,185.1862511645176,342.7234277622809,305.33420115103706,296.9515512150313,104.84039305677786,107.34179750074028,0.6443751355783112,129.50229337927445,131.42206965591626,335.2532831673682,331.9716438267182,9.31141362987397,5.5655531664868505,0,720
210.240958458455,218.12603560129645,4.350546372408122,154.70498715893274,186.5761900273645,340.08135772837846,308.60376737000206,302.4203133631636,103.1466933214676,99.8980183125622,359.34441359423874,129.3333989318616,135.206544222368,335.55540279927766,331.9230440653954,9.12679197895836,5.666758868827715,0,721
209.08881255936777,218.7201563480548,3.206881048693746,164.91824652566916,184.75909466963495,352.5596650285516,312.70494150053844,307.7866764125971,100.12070200277012,95.85401049178428,359.4588999326539,129.75919671728005,136.67257358741395,335.4064870413732,331.764255610647,9.161617568176265,5.934830099301209,0,722
207.31258393770383,213.22400168412776,2.56354385262605,161.5192229979509,183.92477263075105,347.2050891298617,315.6634596690821,312.4815060117112,98.66166890646024,93.07568531402976,359.24537715536104,129.15219101279936,133.9644917408293,336.328265563484,335.2133844977372,8.36095954541927,6.02231147786576,0,723
206.47411343247316,210.34498378843355,2.9298293398076938,152.08204951718815,184.3691116532833,337.98574372357103,319.779493646424,317.0984543418991,95.26938150843228,87.64085374902126,359.8336000467133,128.87289642446353,134.57123451374017,336.9834418293271,338.1531397952437,7.962682063416564,5.886642883793484,0,724
206.1253307712188,211.1845371961292,1.929475653516284,148.30047442741147,182.93087863390383,333.76363228467505,321.6136717693912,320.16050861417165,92.03664570152044,85.16855425660603,0.5977677894832784,131.53102327064124,135.7544417782796,336.6141645298454,337.96171579712706,7.504388125112564,5.959942018819495,0,725
205.735257961451,211.28475202922465,1.8697652954721395,148.02532654336363,182.8614027782999,332.9761130713125,323.5996429102954,323.35132597600244,89.54561986810305,78.99637143723339,1.0554064776562395,132.7918417971748,139.9758736097046,336.86268181030164,337.6603733615529,7.325630050719385,5.896325914344862,0,726
205.1085376333784,211.99278631934263,1.5587384410064775,152.1796176846872,182.3899827053956,337.65752403758006,325.5405403646435,325.7932368591412,85.45839287343549,76.84739637141116,1.1619296382688855,137.21859555806793,141.09251168683275,335.57336596395885,337.57490905561406,7.947939033411982,5.698299429608992,0,727
205.2471999438236,208.0547192220953,5.319748422457804,67.51426184479148,188.02939580943325,252.86944744008787,328.8125136406045,328.84653400946263,79.67328617440134,73.60826931320202,1.11440488770117,141.38696580569993,145.0856300674655,334.80703588872973,334.93947471644475,8.315015694324886,6.494748100084979,0,728
204.6993715541184,208.1176884923755,8.799313294715931,123.6745513214246,193.3608028976977,311.44711351352623,330.42494867624663,330.791891947171,76.56172741820622,70.12683371433175,0.8297241670136907,143.80384351231618,147.25285927449528,334.71110626635425,335.2419566440152,8.387813034077288,6.636376982275675,0,729
204.9485149386719,205.68042602277063,12.603315158776056,28.71366098458779,197.59929800120855,215.4437831362935,331.66504226927816,332.92680905794015,73.93353081876052,66.42142140118385,1.340011634389781,146.4632983426106,148.4096663757445,333.8738352217345,336.4180236562468,8.879195701217258,6.744372828858389,0,730
204.40167116643303,205.54890488041227,26.56578875108552,88.60732340783602,210.49149419645792,274.30231775795306,332.9243115923248,334.1358589433778,73.28501343573856,65.79993052236642,0.3301037509556148,146.54726299387335,147.88560646199284,333.8670409184832,336.8460311919683,9.061554766859148,6.911692479949412,0,731
204.2794563869502,204.22092422806355,40.03522251652983,133.34600968624108,225.6232555032158,318.5423081801745,335.0873730377809,336.0320617861723,71.05536832730786,64.43439626459987,359.8316662053603,147.25811561175186,148.24298791750576,333.9553990954355,336.98856459828755,9.048253900088069,6.967528209724996,0,732
203.97147698549236,204.1901536693673,41.28539839721048,148.82267201779857,226.6030406078244,332.89956036102785,336.5745842152116,337.30448064346206,69.68146928527405,63.03811086651518,358.81080845846844,147.9539401090566,149.09166144358812,333.5567719760695,336.70774811679803,8.675393847563441,6.8818091754813375,0,733
203.96540153901364,203.51626002439068,41.20185860171787,153.82967586983494,227.1145976337507,337.0938833952722,337.9431592565359,338.488882350306,67.67850892649048,63.16785002615964,358.27079004174374,149.02568456839208,148.15046220072497,333.3887320848242,337.12251117184456,8.63828580846134,6.396401400309401,0,734
204.260448241498,204.4003481515149,41.11731797123775,154.635498847359,227.8738824413039,338.93855520717966,338.86226293286694,339.0617708766133,67.06580544199116,63.525034508176624,357.64585906743565,148.53153124742045,148.13259504362068,334.06976806679944,336.6838400454436,8.662289070458998,6.279496694498253,0,735
203.84407442805443,201.29326197574076,42.582735731674745,160.23962089520796,229.88253363447663,343.51400358174794,340.3831610343606,341.0355293328216,66.61687916617633,62.762815847148325,358.2315801439144,147.14959437733867,147.80450042776803,334.65827015661336,337.0494871820072,8.866923359890455,6.321323382490256,0,736
203.6752663431084,200.84458035183144,49.13509282336715,160.41370473325983,236.46543210960525,343.8742666500918,341.16752920541666,341.98432761144187,66.9151531594476,62.21117413155073,358.22543679252954,145.4458232394021,146.45954006025937,335.61091752694193,338.4345325862423,8.557336384260934,6.523556576414363,0,737
204.18028878092363,197.53878030082356,61.29073506516412,184.8099865848669,248.3841018369197,3.9746387376432577,341.6990246831782,342.5814634780074,66.63590624492805,61.71117936193625,358.47928083881214,144.40793294184596,143.9114889450526,336.70951703171266,340.92226842435275,8.265201358283347,6.936942380909047,0,738
204.28081871608973,196.5753706288913,78.05020845367328,189.9586807000514,265.8294899270698,7.932759861245917,342.5183133663597,343.0255534122474,65.91073927934734,61.67769636117114,358.16234188549817,144.74099287878107,142.5070266245852,336.97475021702616,342.44074702178574,8.446984985269994,6.747913255351316,0,739
203.22101248570672,196.34899562481863,76.21737437108376,179.97913789567357,265.5470752807652,359.9845487669615,344.2237947388751,344.51720370269163,64.96137395506729,60.89146656749329,357.3775034065203,145.629245300626,142.70006271290984,336.5579211240328,342.621308397071,9.028855329634627,6.644467015119751,0,740
203.2022236309348,198.3449885042037,77.45317753393432,177.76449423321444,266.2115303358092,358.6139795394368,344.87266223951286,345.2265800606025,64.40250437633156,60.39112087025973,356.5440244328774,145.23463775536382,141.65804313123638,336.85179315044525,343.03918447341204,9.006088098117893,6.63698604541339,0,741
202.06725142112205,198.37012611306665,72.41129553911878,178.94601091919225,260.1679446151049,359.32742436522085,345.550449280561,345.7600910975855,64.31614569162275,60.26290753479518,356.18416116041044,144.26445386643115,142.5955019088667,337.0930754072388,342.3072188251496,8.719157200745075,6.870530775759447,0,742
201.69788635871512,199.0120526613817,64.6186134753466,178.501630483804,251.7908415593686,359.18503853889507,345.948594047969,346.0551949039325,63.80889829066454,59.294839300799055,356.1659722037211,143.74168634826205,142.3350810368221,337.19301979100874,342.76776597904524,8.285199711919287,6.784673248984173,0,743
202.44480799801332,197.3088462344066,64.5548384396436,183.75251337689772,252.0965219428176,2.073754364546224,346.6986547827586,346.3141452239176,62.87334289176985,58.395208307605046,355.49706373603254,143.6692551275803,142.51404804041303,337.3185377760447,342.8827339411438,7.989091669156846,6.742834085045065,0,744
202.0905944243594,200.01039904268703,63.89294547945498,180.1392425514356,250.27865910768503,0.0736746542135326,346.93870927418976,346.79275064863504,62.03327341228635,58.44378356301591,355.1918160897033,143.99604654715046,141.98399612118385,337.3614124272144,342.9377643979711,7.666442725175537,6.601356959252923,0,745
201.96814687791175,201.4484007541566,70.80463102375734,177.28278890986658,257.1901875432877,358.46486271267065,347.00681044255737,346.7506110076754,61.601009206377206,57.61558746189876,354.6572970216211,144.21387430128408,142.51720568169344,337.3893504791801,343.15683810443915,7.614258570526193,6.1472235734756815,0,746
202.13156823245717,202.03763638126125,56.073888609725216,176.80309254251802,242.5703763873232,358.1061066016463,347.0831819032904,346.70944711065226,61.1698763383303,57.112760192798426,354.4116413556838,144.72766430555467,143.2126233997997,337.26791482118284,342.9242047335851,7.610899776318676,6.0399237260682845,0,747
202.7680765841901,201.93274397129812,46.61402324390241,176.84609320324287,233.0683768864896,358.095658811993,346.8731857725486,346.6322905581869,60.95756932339662,56.34246007138814,354.6603220227051,145.03676180574558,143.32429366897057,338.43954356304823,343.4656947446028,7.099991436128511,5.815370578632575,0,748
202.8040875180656,198.8268166459018,43.63880374668641,183.88063852447743,230.17618772675624,2.7325701621727765,346.6814881882172,346.9570504073971,61.26103982865224,55.18044339034381,355.220776922893,145.24283638332517,144.17882326358674,338.8275455408174,343.61068522142693,6.98866527576547,5.730209418229371,0,749
202.6571228393336,198.7496266500344,38.18984951242084,183.55670577529787,224.47256713722632,2.624042482057333,346.4417989047748,346.8944421450762,61.621135834792646,54.66911665080537,355.5484067954158,145.13393440970611,144.77357857805893,339.21196669599425,343.3122222607706,6.893921123297564,5.842813526477188,0,750
202.30125334961477,198.4592085843109,30.794193136233176,188.42029565359508,216.80789759316727,6.607823875222205,346.1992424347767,346.71806278051463,61.98253003038516,54.59739903237121,355.7046635081297,145.1029159428238,144.47475793070157,339.31404189011835,343.71738534323447,6.895654363569062,5.789395237236924,0,751
201.5540869970946,198.55230263102385,28.968394690019966,177.33602279723988,217.0461012763774,357.5825584731492,345.64757072260846,346.5015406150276,62.6892473029442,54.40891724635027,356.69876490517515,145.2530979295632,144.77299003050229,339.18675738157526,343.94795371138866,6.96818031365293,5.699526308333207,0,752
201.22633791039613,199.54734831715,26.91007517024312,10.658240487885555,214.5532290729838,191.72335056359944,344.4471090234251,345.13575381109865,63.90554738284133,55.2257502068868,356.92716711124075,145.2763840226425,144.23195252160664,339.05983871745934,344.4808282374886,7.068426416173963,5.485900862171175,0,753
201.1279064305876,201.3826342663877,25.76964623253344,7.36526051921822,212.8565687150032,189.03566918198257,343.07739422684887,343.54804962736114,65.73267708710064,57.03116198795321,357.2740204578515,144.51945195505087,143.79525098090716,339.1170697654764,344.4709353125166,7.023744591640328,5.356030091438714,0,754
201.6355002400612,201.27468413767556,22.81957311314242,358.8937985325409,209.27501544880505,178.57773090846436,341.6168792447467,341.70028987524483,67.17510523754365,58.68327821917784,357.9128302763786,143.80786960471957,143.50448352340302,339.0381765020163,344.1672503986435,7.049768661747146,5.289520301980565,0,755
202.53282982881788,202.40569107050737,26.691331389020363,8.512890992310727,214.07292511889256,190.90764647732925,339.3901286410839,339.3894728215647,68.19349583180889,60.034591768244375,358.3816419068807,144.7936836151503,143.35581081147023,337.92863267091,343.19331031488235,7.678522724420983,5.681796407207299,0,756
202.15822526281167,203.566978641484,22.424137312865344,8.819704689241767,209.10679455398525,191.3982062751615,337.8039047176194,337.4845529124578,67.62218810401585,60.96445396588799,358.2212108427513,145.58389857902375,143.7531713148886,337.41025158747374,343.12082799150926,8.611460934826738,5.769292419283274,0,757
201.5397023119671,204.1049707559559,16.106988824328468,16.413743314433383,201.84515826817255,201.1271672807726,336.15455357121255,336.2632065353907,67.9743223929531,61.80723449847017,359.1442333434356,145.9301233440028,144.21770101740466,337.5192411190009,342.79015893543897,8.98470790156818,6.143674717916617,0,758
201.66576442049976,203.3733855876149,17.798385619311762,152.9878342790425,201.49884322599232,335.5712792744441,334.8194870296504,335.1497583507004,67.95715536974667,61.98754382435404,0.8348234615735028,146.9960454192271,144.44813007808355,336.96887877814487,342.661895184606,9.16958616300208,6.386658312860078,0,759
202.27072478212304,205.26284339000543,11.51014956395396,26.861634172240485,195.8825193748521,212.0375715830026,331.7525429724017,331.43346055903714,68.26511908315881,63.03785920814446,1.0371420730807934,148.73519945272568,145.37856494626422,336.2174261065566,342.716793422432,9.348192729272007,6.038272952355065,0,760
202.28813380807213,204.9000544895025,9.82608503174676,18.194335065681265,193.69561868720064,202.24770776064744,329.2498915696387,328.50345455199425,68.71508630010908,63.30812473432774,1.909293395933311,149.61041627319958,146.86800110799868,336.3421180935515,342.86260043992195,9.171125716554878,5.271596702838374,0,761
202.02666198076736,203.85592229963416,8.624998651125757,8.322757449134665,192.71392704096257,190.70121457384417,327.1108210923037,326.62265626056893,70.10951160299375,63.76174892263719,1.3812354247304144,148.5704923990478,147.42140289514325,336.92916790294987,342.8653091926993,8.473909532709163,5.2283121194448,0,762
203.35424995812463,205.3159305947028,9.595769666207069,8.016226856039934,194.99882336871136,192.4545908751965,324.35602786819817,324.6216653954972,71.75101825190735,63.80490205869773,1.4741284668810073,148.0344784985372,149.29363222133352,336.92284764742493,341.72880163295747,7.356708524784193,5.616836323935639,0,763
205.6432375513406,208.13320275884692,9.093676432352405,12.889899885271053,195.27909396633785,201.47808601071137,320.203346441771,320.61352929491227,74.20237666437282,65.7209023077809,3.1023751524895835,147.08783091788197,151.28330426661006,337.2527150455401,339.6029128095503,7.423512932365616,5.913332468208529,0,764
206.59360079321868,210.0684835846364,5.033687988342455,11.599759242243586,188.6261887478952,197.05873581944925,317.1624673681041,316.88982347906136,76.37664805672965,67.26531736048722,1.112861136810596,145.8981869154247,152.09243073698204,338.07732432506344,339.2369808602837,7.121589442312668,6.285598446219315,0,765
208.3447095077478,212.1790843917757,4.070574221724424,16.89413141145329,187.081704649512,201.63657197561344,313.43429162383643,313.2540364570422,79.00945563271408,72.08434278706521,2.7683873191194466,145.16650785810322,152.10497579176644,338.0276699130606,336.7669609443614,7.442952769341865,6.746612580095802,0,766
209.83673815875173,5.689707008827383,3.248991604941418,173.76537058541876,185.57159911050348,356.60821449661,309.52627510265995,308.098219420427,82.22131057612431,74.68480449324629,2.621160825476585,144.92132152032823,153.03688889836303,337.5400114387888,335.1944812150129,7.858997132553189,6.842108877234102,0,767
212.76246198820317,353.9402673236463,4.160215645605846,194.05905857122156,187.1439597039641,6.682562388968169,301.55650698117864,300.0948092443288,88.62087292585443,81.28972519799198,3.1195551059836384,143.8789788082638,154.6231400981764,337.1974074740764,330.9084184951324,7.8074996659167,6.197265506136991,0,768
215.56315229516383,4.000521252864143,6.390494619163696,171.96049374316044,190.681782816669,354.8687025535667,293.85134505624603,291.6238089100016,93.32790532030788,89.68865638913208,3.0393766947125824,144.15576913024472,150.20304583591064,336.7411584980076,331.83580168355195,7.700063461772582,6.284632454238801,0,769
218.35083860072024,6.993297725803087,4.644251464962976,167.87839334045466,187.2562132176004,352.5698696026368,286.3309436814525,280.3240287794996,98.813209559653,97.5940008512124,3.477714223581878,143.3753007114244,150.2486281266857,336.35492383518044,330.65535984433353,7.91721438099963,6.803063597343439,0,770
223.19457376558128,2.739701519825674,6.831976675132194,173.37405533030807,189.91495220763332,356.29421776882884,275.12332902699603,266.81673034950074,106.03296229988338,106.7710498973346,3.1739254277056044,143.89240956193532,149.84440626790723,335.2828913886456,330.0820080850521,8.551640277467119,7.315246993284997,0,771
228.0361406752362,11.410129989660769,1.9615718542164216,33.305913922568955,182.98006392163165,340.53483233522854,257.4533729956815,243.57695512052692,123.19261113205972,127.349276211416,3.4349682887775685,139.64493736889386,158.5815789047124,336.1398702235778,316.4555388253857,9.243140809800147,7.66603309344663,0,772
233.3300519990396,344.40486458258493,0.4464583353173764,78.83081162311731,180.6932338000965,333.87915614829404,244.16841708225795,220.5259745778856,133.44862666763987,151.0804332957254,6.624157908339623,137.57316794934027,150.69024131337883,336.0575973843193,316.24237001699674,9.42120465288,6.769802743170011,0,773
238.1157721062853,333.99085430726365,4.471794295892417,187.657595753752,186.9242523998816,3.805667818728306,230.7393931403512,203.10877108199173,144.1172660536225,162.59052915281674,7.10700483291856,135.82741459320968,143.12787666712237,335.47890966432783,321.03650958589185,9.5862423442362,6.513645624821217,0,774
243.9596763404715,288.2725963442407,2.366100549569342,237.3040067352864,183.53683993800357,38.21507196455651,217.5920696793333,194.38927740920812,152.011247699946,168.61174242052547,7.783415768826668,134.6913701844849,143.26375216067376,335.4729060754077,319.6097542774474,9.44181099314529,6.36392126324916,0,775
251.4588343549977,272.4755605170328,359.04151417906485,131.57201369026637,178.66315790295923,318.7322740257963,205.5667493289853,178.96103416438484,155.50830894263763,182.3955182854989,9.999418501525112,134.88048060065182,133.33446931017804,335.5781339521283,326.83810434514635,9.551734936225223,6.19576229325052,0,776
258.90842031858466,283.9076880735813,0.2485619877278875,278.9952745114996,180.3235054397647,57.98797637823069,193.07023426687627,170.2447209033823,160.19819651159838,182.91501319829948,11.498090074860782,136.0608213125331,136.4395857283442,334.6833155654995,326.016150059623,9.4777425953627,6.200788765499067,0,777
263.7290490038812,282.7802145327731,2.9571747537676987,269.8807528911924,183.8458667545029,74.16476495529692,184.00151161465908,165.48114722229846,165.28458362607208,185.5701554994768,8.79500126439329,135.52847556992785,136.57265704124768,335.0040667360488,323.9797942064512,9.818093638710891,6.095044995786987,0,778
266.32695402473144,282.1243368141261,0.7700061881050898,135.3199552420434,181.0804564548256,319.1803238813028,178.28343014443732,161.0123921015556,168.1302412313136,186.3271952238311,5.801891230711653,135.92437986292,131.36258100637252,335.3605292206985,328.3632927422031,9.727181214236284,6.090863099181504,0,779
267.2320089834629,285.12437037041497,358.99887926129577,114.2139257683476,178.7114133605283,301.21752913140324,179.77072839623818,156.34267300506573,165.2388121975485,188.03681556454063,7.133002438497538,136.13213312115138,129.498079440696,335.6961233388677,330.850245246159,9.665319832668985,6.197088806633068,0,780
267.424296126662,284.633203515257,1.1903028511198357,70.01740998034488,181.52410262619884,256.5839517815751,179.575076365313,155.6177484180864,164.68469362810592,188.54149987187915,7.515061937082373,136.51458002513448,128.68384496487045,335.7859662181199,331.76249490417206,9.511731004529944,6.256768727054493,0,781
267.08902844638715,284.6174444106933,1.8748862303428924,91.7396569678684,182.3680713461804,277.9876972860613,181.43045600994432,155.14608742586944,162.20461441964403,188.64194553207565,7.36508177471107,137.4993842272767,128.88452453828702,335.7668004875028,331.7325774821626,9.421970024955414,6.2659176681127615,0,782
266.3629966518395,286.2947167708257,2.9678696177028105,99.15707374881173,183.72510705638368,286.2597168726113,182.17156930964092,154.75666724089126,162.34776981895598,188.2804743255732,6.429100234471561,137.02691283365607,128.85604512726005,335.95904194479084,331.7192846186237,9.210121838441646,6.293095867840586,0,783
264.9333937084096,285.9462052534077,4.319218594284295,82.432587232803,185.4611750318269,268.54086825333,183.06341899378032,155.1253753345494,163.87587071019482,189.24169047259863,6.782654220049588,135.7502856956844,128.1850399157341,336.02713515816373,331.6370694298711,9.007987747075624,6.374559680822464,0,784
264.32886233064994,285.1221819923168,4.2463882899750125,64.78235457028686,185.3937132378481,251.85642665984065,182.82315115959236,155.02576558342105,165.97293194306036,190.39377087171383,7.184959751101192,134.506822045432,127.55531363865126,336.0066194236082,331.5022733244147,8.90027416773056,6.430958541945196,0,785
263.8874266970855,283.6215387880912,3.629882152561873,36.99590847809144,184.61641185003816,222.2264732314464,183.04959120145625,154.32391277553478,167.05369448431543,191.44385033042624,7.31785954141584,133.65920914615648,126.76241140542658,336.00213784520633,331.6972533313202,8.779371987999886,6.488512892515182,0,786
263.7399800738828,280.2664172301254,2.9298955737724284,32.18869969148271,183.72147939331705,215.45534727892337,183.27447710597545,155.9600861778985,167.20750237096885,191.78843051395543,8.144415561841118,133.26321950131515,126.41680407798285,336.1032320190196,331.85289184381327,8.672060675079129,6.523816247758896,0,787
263.55957834635984,276.3069498792976,3.872136148343487,31.268885766340084,184.77036978710265,215.70008049250603,183.5912278736394,161.0740372116127,167.6016998136847,191.4180999265992,10.020631618582154,132.83796004295138,126.55437048175712,336.2109174035051,331.8368771762193,8.575174317977856,6.5352096924600565,0,788
261.2439892140811,275.2090445569938,2.940795271322998,31.158623443677985,183.6930050152237,215.82990295859625,186.28316432426703,163.05545569444308,167.3018176777358,190.980844371108,8.871096763727369,132.82029907528232,126.52123054132436,336.2809159803251,331.863182121292,8.531543165168445,6.560843257008998,0,789
259.2083419927555,273.5764000815759,2.257578113235669,30.99975894692661,182.9416181174869,215.95605731150116,188.5128599868377,165.61874903726965,167.18745953019558,190.5164935926008,8.751932612948425,132.70958970879013,126.53596272081931,336.44052691653803,331.9624227198352,8.44187241206611,6.548263832217023,0,790
255.4302599405528,269.49689732006834,1.3717919359505264,21.249387618116597,181.82812793940252,205.7037309218568,195.70301239741687,169.82871638649928,164.11264605633215,190.81137596931717,9.88704769840157,132.29215674721783,125.85398558601528,336.77833048641804,332.50581714141475,8.361152209769982,6.552251993320789,0,791
245.1644130401433,266.2992719909092,358.7193591564054,20.742311828653914,178.00494147340856,205.36105534678308,211.09244650267917,176.4425857550064,159.55542426102932,187.58025679344928,7.064529656890636,131.6285412188866,125.5295586146213,337.00506110642976,333.1410564594529,8.34469387203166,6.534611133193407,0,792
239.2407225279971,313.73693884593155,358.4070837554149,234.67674109213124,177.23195242710293,24.745724511028588,218.672195471332,183.70456853124657,158.1172663098664,183.38815194614423,3.90682452999202,131.52993005830146,125.29877764256878,337.0584641372185,333.54892815991,8.362399926878693,6.45305011996569,0,793
235.6181646907252,339.65072249482523,358.3480299505283,194.2911463630284,177.14982383322993,6.704557609571237,225.01134670601164,194.3988415361508,155.34881322915157,175.83795178548863,2.1893017704071327,132.10269923041622,125.1906579530378,337.1080519487804,334.4650646686897,8.278989258159571,6.130154554899961,0,794
234.24050120338245,346.3988062746581,358.5815941064405,183.99331944354165,177.5308340090574,1.8493256928210808,228.9115260920106,203.91124442256412,152.62034626753515,170.54403000565378,1.6476576238215066,133.21738029887712,128.1460791215371,336.9953791912292,331.67725315758514,8.284884594041566,6.043746552103762,0,795
229.5876859219773,342.8676188641124,359.0663278215523,193.52186201891325,178.47306921391424,6.154810197451136,240.67999154426053,214.5083762702048,145.88915491152997,163.20637166497744,0.8508935956061575,133.14832962424816,135.33229081192388,336.8109880699832,326.9103278212387,8.275675562244972,6.012520143707111,0,796
225.39939289840376,358.55941513199144,1.1563160115781126,164.69977231016847,181.8985368903741,351.59199478310944,254.5972693203969,224.5725669713161,135.39825840862704,155.16190760138142,0.1314743060088578,132.37425194065958,135.4900416946176,338.3926483786948,327.9270173235842,7.994563018631759,5.796127694352405,0,797
222.3252729914201,2.191331766675816,1.8818740244962424,148.823070619455,183.1099519481419,340.6847962369528,264.15666212062854,236.73560431549132,128.99554697435192,144.9607735054185,0.1428149587563283,132.281540734086,133.71161723461347,338.45254222564097,331.4691597748549,7.923833335143516,5.823727069746943,0,798
220.3654426015798,1.9996139591165556,0.4029980499909176,153.25994428649915,180.64394814282284,343.61713838703406,268.9209674783036,248.3160815098275,124.30061961482568,135.93682891522084,359.8223613293809,134.25327941688238,135.5534444513914,337.87839720071486,330.9659303861394,7.604988525690463,5.98207631708523,0,799
216.8783703623551,9.421555671096666,1.5497070196967184,133.1527796816537,182.416284394851,327.603196151218,281.2324119950273,261.8996299096313,115.48005262023146,125.731991073236,359.8553412789406,135.41748430861364,137.31623794153896,337.25980602780567,330.09880331019946,7.63958252012704,5.8848149676750845,0,800
213.9752829896771,9.456242676450197,0.3655713144186922,151.7900319483146,180.59354559825888,340.9981588697261,289.163974422535,273.1575344770218,109.24403063599546,118.3886682467764,359.5668757760496,136.08155005169317,136.35618930371604,337.2806414821719,331.39472914978126,7.693689345448761,5.821569655254544,0,801
212.200041132823,240.14761762138448,0.5151478922035447,140.58332939637128,180.8647158698341,337.8758566414604,293.90506269842047,283.9334218959109,106.1107266134832,108.8323642061963,359.45441727985,136.07273820036343,136.56314074267593,337.08913083060355,333.0895704218062,7.748456701184506,5.391306989124441,0,802
210.03008528848204,300.2599784891505,4.226021943306084,101.427326230927,187.2257440152396,340.5475089405243,300.46904081574945,293.3256140617254,100.57793927991814,97.7533680798274,359.3981744134568,138.69706935960951,142.27763702345484,335.4901374777485,331.9740542990561,8.9388820334802,5.653863207636625,0,803
207.92100305150933,2.530215644880657,3.3698951387182325,197.9421307908588,185.68887578741595,11.167222335288551,307.16086604828445,301.4386019034741,96.25837839443254,90.36205922203004,359.6118652844265,139.70868837860115,143.4322600348047,334.5477732797998,333.0393150487226,9.435428876951132,5.52216601220718,0,804
207.11973002516748,2.7997467069412703,6.198205068411425,182.72040008299717,190.3690323979518,1.3998922989232052,310.5436708264475,307.60124463527774,94.39633925617248,87.9316984232921,0.3369219223270494,139.34628490820143,147.96747088941723,334.73903628484805,329.00038489355364,9.382859397359152,6.248028555913866,0,805
205.2688999276262,218.80637239557493,7.935987479555658,138.64985978517538,193.21599972586665,334.79309670741645,314.2672604416126,311.6094856505633,93.00481660450296,86.35220602966328,359.5399406808356,137.08568797115757,145.2739582639791,336.3271247875022,331.694323033017,8.623078271960033,6.376300153692272,0,806
204.1491755140904,207.698555826248,6.545258615298079,131.48058415969285,190.56270155572932,318.47462187739416,317.3188813619658,315.0140417215301,91.15471693152698,83.84111637605308,359.9666455777629,136.8646131297699,142.61883073079483,336.31863839416627,335.6438092694605,8.469215329671925,6.523343918400967,0,807
202.9261920026133,205.75655297628333,7.106809649130538,147.85722157326637,191.02822717558448,335.1558439817456,321.0208063094471,319.66784952135373,88.46718700740934,82.07613217872341,359.8977207566077,136.9645779277329,141.92671919337567,336.39652760645123,335.8635941166741,8.175646971116983,6.578750456542677,0,808
202.50185221339933,206.5226105047423,4.277895533980941,143.68885881786508,186.57742081518785,334.4342784504107,322.84605338034044,321.933680177024,86.83361211553112,81.83041326400762,0.6546023648604413,137.8369339782842,143.40056672142225,336.2333564872764,333.24433411241466,8.076904992802644,6.361149360235174,0,809
202.3763939726448,205.0957735287607,5.094317087692885,91.36145388081724,187.55670847222905,279.61895880177656,324.23719663118266,324.4161283737563,85.53793335026897,78.75076480877445,1.0424887552273812,138.65549251418395,145.61984162592694,336.01955249271344,333.0827870008688,8.133270842174698,6.116376684519155,0,810
202.06824934432004,204.59404069101376,5.709915760355543,73.90291925850386,188.4828784035901,261.140646686734,326.89179143554065,326.9423741934592,82.43766795403397,76.67185342141853,0.0128188549594193,139.9509342507333,146.34367434823275,335.9516791710474,332.50128405308226,8.534181946561192,6.628268358509145,0,811
201.60991035431604,204.53496065862643,7.96913845886684,44.6963782922016,191.7903484912784,233.3137237684616,329.52773210085127,329.87237288413627,79.12540558438795,73.56046230965046,0.0005352489055764,141.27757111744526,146.6983847010997,336.25714928964976,333.53022479898164,8.406618256580597,6.773353403570823,0,812
201.16111356311907,203.3973100131628,4.835021185933043,144.74514621404597,186.45513776175963,328.9778440530174,331.6392482603025,332.0504483033924,74.4321058736213,69.27833652979996,359.7760004293804,144.88888867061613,148.20941391397469,335.9261734349797,334.7633776216538,8.7483826597801,6.801970485837594,0,813
201.52371903060413,202.31775415232204,12.71832232890631,81.93365288068061,196.7677574771592,268.0656699871362,333.149587716354,334.3243605939823,70.79370757510343,64.61543958151329,0.0334883160962715,147.07265219180292,150.85197479561117,336.3680427623132,335.3194068275285,8.879605692135753,7.0236924952373725,0,814
200.93543800411297,201.9254623241783,12.619843105997672,61.62326142112528,196.64567217194664,248.1721979114656,334.62688215731635,336.12967177611023,69.27255914296326,61.5091650305711,359.0126268427586,147.8927032768548,150.71228444412102,335.9507795846294,337.62181972012684,8.50899231047573,6.860679424686267,0,815
202.08287185486532,200.58091419956224,21.979610090689253,63.84503392090989,208.1189572859737,246.81074830226245,337.5668324154861,338.63035186581186,62.18967945644973,56.76937194809649,357.9113542924283,152.96743501311434,152.5774463428768,335.5614969718039,338.767969884747,8.15370504493207,6.374773635047644,0,816
203.06142495974944,198.8334260712224,33.41847703036257,18.656001819706372,222.5774433715788,201.81583789486308,339.55808505985215,339.6302926276571,57.02384395849492,54.149010954103886,357.27849979797185,155.81422157209795,153.8252656426947,336.11931100362705,339.36840596887373,8.28263761352431,5.9738516918817695,0,817
202.91356606507475,199.59175750895517,33.805704200202726,23.684407521162044,222.7954222877277,207.60519593996247,341.0412461762735,341.18159879413594,54.35022433937976,51.90180899470309,357.45415263982096,157.1195144288381,154.67350587083723,336.25396119509645,339.8043628790831,8.522335141407451,5.855349514061393,0,818
202.91720160814108,197.2163593526167,42.01949018973995,99.87774240990028,231.145844642233,281.9084117777039,342.0901586414027,342.1717032868703,53.65098760958098,50.39177556393151,357.29990002872245,156.1669634040238,152.54452614172237,336.6775196820417,342.5674166411139,8.568712918363245,5.382077494866888,0,819
201.3589290221165,196.25007306450112,44.59928802022724,14.862466691012305,232.50137114991944,195.66309396911277,344.8221755419595,344.685376464624,51.99023348840575,49.09401093307585,356.21843795320217,155.634635942179,151.0547567795522,336.6488407650059,343.19574659468327,8.652512143341273,5.544658107982355,0,820
201.83827552942867,196.2927357070484,47.32017060277042,173.90659059539377,236.38847897879504,354.5438720798279,345.8110848316732,345.8106346270743,51.24421096843796,48.29900561568552,355.6013978314876,155.41803247760706,152.1297587393629,337.5288888449781,343.1543241059122,9.446545127999512,6.215972377094299,0,821
201.48056378599213,198.22540262447612,47.42945746356352,176.13155339740666,237.36596196200537,357.70464024129654,346.6724219660002,346.1664503317388,50.564305782659446,47.21178850989804,354.6700877266186,154.8780688183223,152.22611446526085,338.512060076298,343.0730838593946,9.950350510501186,6.272901770590502,0,822
201.4784412731166,197.33283570292133,53.592877916502914,180.82544728716636,243.01003329644908,0.4229697208085549,347.4467205348682,346.61438580903393,48.28128256542485,46.28878472095936,354.0928454147264,156.57983571438427,152.66164358273545,338.71380847960285,342.63012356935195,9.858486571421144,6.428895490044757,0,823
201.5742319015598,197.56912732026143,56.906559780779794,182.22352782099887,246.3542923614694,1.3145938754669335,348.86098141546574,348.0868043087014,46.870085076159874,44.34277417288649,353.8207606442336,155.83392894701564,154.97685809968414,339.9394428679124,341.79627672771136,9.277719563736396,7.035381872157699,0,824
202.43074892150253,199.4223462639796,64.79562402923064,177.67852854796317,253.99893117466144,358.44568840589403,349.51428387746296,348.8440200854074,46.01891951689407,44.3393627916785,354.38064782888154,155.79936543219554,155.29974949075532,340.49643541533715,341.78048321546424,8.845365121231575,7.151028664175583,0,825
201.80567662581527,197.55371523962307,65.16496354152648,176.17481133516756,253.06137947082863,357.28730125337734,349.8030035052971,349.52387792705514,45.5122076338502,44.78610319467881,355.19210435857923,154.58701524400695,152.80326670524855,341.1401508663022,343.01445912305445,7.893901336285895,6.808326596001999,0,826
201.28122168730675,195.68667489669795,66.8759057269665,174.59566751339617,254.93212727174492,356.00605037992125,350.3580343052183,350.60100541420576,45.00553360837946,47.57305177346972,356.0437340119679,153.7323159387402,149.32780302871217,341.63244874216457,343.17451284944923,7.472957059722366,6.8808209991416165,0,827
201.56722986695843,195.3825632634584,89.90740158695324,172.5090563918039,278.56519895002475,354.4661562116002,351.04612749520885,351.1644235921129,45.26122027756778,52.230520903942505,355.98851425186314,153.00613140583553,144.50072407254945,341.57686891453363,343.2519871574047,7.014468978148626,6.8547712603516056,0,828
201.98158230436965,195.80756850992816,93.3352490330671,170.8489452513671,282.2844914763856,353.2533376608524,351.2642089359437,351.59629724313857,46.6598063123473,55.41413325653976,356.7926711406703,150.35151112231645,141.25691038412947,342.490163815667,342.8449215931917,6.615467091165225,6.0678935452003415,0,829
202.7760603749822,197.1716544045244,96.69328276447416,170.7061681700603,286.43722294805366,353.32862336926274,351.3864884158104,351.6362729244144,48.26369941948635,57.83075339844427,356.5274403639497,148.23318880328975,138.26024727204705,343.27022197519267,343.55694814232726,6.21272257389647,5.59175877656502,0,830
202.83899776044905,196.0071264726446,84.54194598850613,171.17347068549486,274.7048209433312,353.58366523994084,351.32730972685005,351.8442720760048,49.77059654106095,59.48724977350477,357.13897263056504,147.87484097659535,135.4456915808491,342.7073360360929,344.70993986308315,6.423517487346377,5.039997853316802,0,831
203.7802387636548,196.6498202102264,85.06906748492594,174.1727302429502,275.0894265725865,355.94346566067054,351.14218997914827,351.5512306151206,51.5098851111924,61.30274264140274,356.8662046052388,146.7683142163457,133.83719704145537,342.6021322950971,344.6504227737129,6.481724455636352,4.868323470566984,0,832
203.37350628377467,196.29056822332143,77.45257312105412,175.35309627382844,266.77650368895706,356.52187808026684,351.0541018393729,351.3134047106612,53.31508647455399,62.40011607755218,356.6307652780943,145.3790857013956,132.46292103911202,342.57609282739395,344.8781247723236,6.492185220738737,4.538441395472632,0,833
203.4541319853131,195.6120637721245,73.82020277003156,178.5533096949991,263.3340491260897,358.84332774743524,350.9689816632685,351.18242009226776,53.95366445048353,62.13399098378395,356.4436679309201,145.2634707892293,132.30271123211512,342.2827310823493,345.20457494701674,6.61943724613352,4.410018447635517,0,834
203.36103961099604,195.1433931623624,58.21279360953018,182.1854624499441,247.7324859723488,1.901400067439616,350.8225679426636,351.2460291378447,54.52009227487709,62.30962781236587,356.32897881975254,144.99809977021465,132.08700927641027,342.1042926288308,345.2077196915168,6.711088344032153,4.32403471385769,0,835
203.10996229221016,194.74611955266303,53.90711256899669,179.64392287650855,243.2852785490101,359.66825576158413,350.8118962959411,351.27684263398186,54.81390002720553,60.46539348802638,356.5673025505204,144.9794609411656,134.15808804401607,342.0058640798705,345.04902251898943,6.805130728684664,4.36286663266628,0,836
201.99033222330823,197.52322784111007,44.87998060921026,135.50132383544036,233.72272689023205,316.31014598563337,350.4839741105807,350.5365229822978,55.1397245350508,57.98706515155805,355.4277415506485,144.9832597614382,136.81179398865186,342.01712633315253,345.023393680544,6.830970620046819,4.402156670238271,0,837
200.98447512080412,200.16688921751643,42.23419112896679,126.21340804334514,230.89615143185856,307.9866837396401,349.8855575748656,349.3456975079072,55.71265451577123,57.343872075456765,354.7666347057849,145.09872752271548,138.26269325313163,342.0674248342834,344.8729870604176,6.850289345933836,4.376957939162802,0,838
200.6532957698628,202.1964231501468,42.722612150191125,157.10726051250248,230.09837393633973,339.724261098057,349.05590658537574,348.3379009572146,55.74669461091719,55.64974398437235,354.49956864302203,145.50895603558735,139.27256486358493,342.1236793867375,345.71438177110105,6.747346631682423,4.232808727466507,0,839
201.2979017960249,203.46266445450607,31.24146042988641,74.3176100101036,218.948186503973,259.889895699833,346.8212266663743,346.4206834888359,56.66644480456123,54.23646781795171,355.321397640529,145.40798901543977,140.41178425757778,342.3290932105402,346.5676898013128,6.639106907278161,4.517744381424847,0,840
201.68625168583543,201.5809534315499,32.213344840286986,31.43159513540914,219.6389085500669,213.4795503272772,345.3707304694732,344.6395046916307,57.0240446223683,50.81139879242728,355.2430068668589,144.99771122255336,144.31399805299387,342.5218078707342,346.61231189330977,6.423122481175891,5.081585385094434,0,841
200.8901701024447,199.372263871735,28.985191557282125,2.919668858547769,215.36384733109543,183.48799866896036,343.85284379748595,343.4997324250612,58.04851505029153,50.67495692399462,356.86487170300484,145.645063950704,145.4523028181304,341.89396043535174,346.5594558347165,6.925959629197904,5.197452777193468,0,842
200.89977269923088,198.49658965045992,33.12790086432979,356.1868816207783,219.68679699207172,175.0697002488291,342.2745291669083,342.07792376302143,58.50974005164202,51.08086791593149,357.435738960318,147.08331676473958,146.3555125079529,340.8601583464621,346.0737813573824,7.534243224034264,5.133911144294747,0,843
202.265495911558,202.4275263541094,32.828926630812184,6.304382702303487,218.9163257556276,187.80288050645703,339.5409936909215,339.4634932363198,59.73732222853732,52.26964723705392,358.6997369006262,148.14437711443793,146.92357999198353,340.29693124472897,345.2142854306489,7.92455644582088,5.240591517659097,0,844
201.161507542152,201.77389542974703,23.546352605942555,8.227412227780333,209.6337460149463,190.46485661004692,337.8557969415445,338.0219433355765,59.88734554495997,52.6444535051956,358.2604913342634,149.37491536625402,150.6772067624266,340.015315607232,342.2261457858044,7.970746458361767,5.987788690060416,0,845
200.71252420841472,202.2410562482412,18.71147465974848,13.02410883371897,206.06881809794197,197.7640887945356,336.146743016552,336.8220200769204,61.11665128514163,52.82047020992804,359.2412514378426,149.84704534528345,152.48271231393502,338.8964756470329,341.3524045590593,8.16277686843391,6.16160635672855,0,846
201.8151241200158,203.07161076080808,24.121699102561497,10.72916602815038,209.3282047055363,193.9734111338351,334.943013508599,335.90152502523364,59.30902918922919,52.13251762742505,0.1927266961393456,151.6419133677244,152.1412520076825,338.5686098370093,341.7031243555884,8.612012557510164,6.098908451149136,0,847
201.99668094648,204.91442067858196,19.38118437428041,4.980507733464334,204.0749088794271,187.06890240951645,331.7947825621652,331.9227483721383,61.271695452485496,53.05530906032675,1.5771693835763534,151.45625235644897,151.99658634747743,338.661714764238,342.2093602053404,8.728649501867144,5.830747918784667,0,848
202.6315458246434,204.54085343617345,14.4056569969899,5.739319360426155,199.22744218597384,188.24523284798437,329.13536719063444,330.2400365253245,63.06907577984489,53.96223911798992,3.618571465408681,151.56506176506485,153.14551443154252,338.77439569911445,341.1461277635015,8.05782305789945,5.7565452158682,0,849
203.55555644704847,204.54879022152625,8.989274318966215,1.020566344206697,193.3579227380102,181.5316049220669,326.4917420965043,328.44520169556904,65.14970969106037,54.71782724726664,5.577360450031057,150.64483555028278,153.25417383565306,338.76805877355264,340.78930289642005,7.806976019593357,5.5187732106308784,0,850
204.27735569157244,206.4528769043029,5.394191672493329,0.9830333130772048,188.8352199265076,181.52539631483484,324.0451508468194,326.41235607699474,67.20178422594245,54.77132452302783,5.803000323326013,149.7750297544645,154.53551736548786,338.9732294169803,340.7855720983242,7.952487552882618,5.8260239366135895,0,851
205.63468702295987,206.8327297317422,8.352934132761368,8.969600392109484,194.1812081277556,194.42520922723472,320.5259390430471,323.0471013902079,69.26478554009243,55.20025812276703,7.353536444684814,150.21633088684942,157.38508392640583,338.35833694331967,339.0483472047994,8.266754940178979,6.749988957733287,0,852
207.9431534433396,208.9574850127168,5.548817036226502,9.95986894339494,189.3148605848585,195.01477322410796,317.03637813890606,319.7590128984584,71.27618085557026,56.79370451057555,8.126569055303843,149.68102928592307,158.42399317350515,338.7856252538565,338.18019397116734,8.110349732477532,6.879322513949483,0,853
209.7007684760725,213.10677048744589,6.386664442841704,16.209965948440622,191.1443762730073,205.48014969551943,314.000218510794,316.13899118138784,72.95208972516299,58.04055929753672,7.585912643707422,150.35187986265836,160.50801774252693,337.4282751454827,336.5221835369835,8.808406452059758,7.371491416307213,0,854
211.80564683450552,217.3767144538832,4.946279203128497,18.899264170481548,188.15932669438945,207.089247631742,309.86116661551284,311.9042436900625,75.37336114169449,60.79175819266548,8.692327722027803,149.84510124666497,158.8920241140073,337.7158210358052,337.4783001793071,8.547233090232156,6.928354400047256,0,855
215.00923502977187,221.64473820596197,8.144440057048875,29.100941736698303,193.9154108389085,220.8293765060143,302.7254629688992,303.49527930937273,79.51838356756406,65.14322070321927,10.44937385440678,149.27470737629778,156.09623259011272,337.5762920717371,339.0854472774391,8.110824188297812,6.505312977560497,0,856
217.06435421373604,226.6911181440373,3.074706752258653,24.92947377504248,185.04757362571843,212.62134259081407,297.25349797856904,295.93117360455426,81.64231326475142,68.80641511290467,11.23440562086784,150.57142957865642,156.90641299176522,336.67474206599326,339.3464226886964,7.9677382228375455,6.608142989323175,0,857
220.24084922582367,290.4403571683285,1.7539844808820244,267.66066433625275,182.70623180671885,68.18077656128489,290.4716764229866,285.2476390978395,85.54313829021291,76.8574448941405,8.871635167863534,150.55825320508504,155.8062500896507,336.1025982842445,338.00050333426765,7.967554013902978,7.054469510164201,0,858
223.49382072761827,8.365704380299883,0.7292536056165138,151.95181628349135,181.12148542392327,341.157139525151,282.1125858319993,273.58722276818526,92.36992757122223,85.51762363648015,6.689048649483078,148.5477075628967,160.50392131315868,336.4180281792567,331.6193084011995,8.08563958682648,7.477660542541002,0,859
228.3508603938721,334.75127061173464,1.5657722679882995,195.16840841904516,182.4990435823337,10.04777916375925,269.10877940146264,261.8839600683855,101.79890332196594,94.88205968170384,4.237343527993202,148.36992271131749,158.71249539551545,335.9544531099772,329.4840927444057,8.952449551592808,7.134044946912738,0,860
233.62646910225192,342.6431708345492,359.7119263803065,197.1304062813008,179.5274825870141,8.435976369041173,256.1513186423731,249.5426413447013,111.23942271330348,106.09914917156652,5.868438065759817,145.98941928624672,156.91840030019551,336.5626434045664,327.5509200011581,9.046140986126009,6.980955071183835,0,861
235.9854521592911,310.9485408793937,359.0434480133944,215.5985147872636,178.39084060651518,21.96388987804357,248.29026471703096,232.87330537739447,118.76875850955948,121.58135807432126,4.655120178190984,144.0256027148012,150.8235893450546,336.9704092297818,328.05337138390485,8.790924639434513,6.763007997560384,0,862
238.81497771734504,330.9417872664803,359.651699764592,212.29872422008347,179.37552983613242,14.173545604297534,235.021486876256,218.2275036580048,133.50504606699704,137.00766001734175,3.970106973037275,139.9846961501147,145.82640417930946,336.58750489833875,327.07557826791503,8.91633275190676,6.922548122957807,0,863
244.4178632794309,289.050562292262,356.96095073521946,300.74775054892115,174.38037054823812,54.31098316164279,219.5151831584429,200.10780274441265,148.34590440036544,157.22395650093478,7.29788371726682,135.41203698228333,137.66987115193638,336.15111723038524,328.48047076535545,9.035615939296854,6.57215221819962,0,864
251.3094193531973,296.55748315802464,358.71636729815,265.3028240696476,177.8617887067353,37.14800408193401,204.35209527444303,189.41214531192324,158.95463498033806,168.4060835923259,7.496693457592894,133.17815572773972,130.33644638794672,336.4491267705715,332.5593300267193,9.174595755564832,6.414758004872642,0,865
254.0717179382299,270.4428557425784,359.27120288212166,16.0672060918793,178.868342210389,197.8602667457994,201.8692689940484,182.21308094115207,158.67770209618112,174.2825533975595,7.601929629451298,134.1525510754041,130.48270595272788,335.39139667184395,331.2319532328911,9.305626073073691,6.287942477227048,0,866
257.19751434163345,271.7525280664461,359.164547202476,132.63142888553858,178.79478036336374,317.69287353825314,194.0671431996944,180.10053925063667,165.88775442712392,173.15591890931728,8.02143650103452,133.41304699761596,135.97585111754205,333.9394897777412,327.4984437757015,9.018503842546965,6.815408884171905,0,867
259.27055646432234,278.03336045931025,0.7609832685166225,111.90991330681716,181.0983805422084,299.09672561085915,189.8436867741177,173.6696060713607,168.85857362048665,176.5811013516826,6.126452656366396,133.24005597619842,134.45907837815983,333.27191910030126,327.63648265345176,9.1992502324263,6.485045927863339,0,868
259.5523663239796,279.37899772713484,359.7804074219802,62.643839991739455,179.67639548670772,249.76736153907456,189.39910474160985,170.98830014327268,168.7803761581482,180.7863191159551,5.658178274660648,133.52173866469977,131.35240164689387,333.3011289682991,328.1039719890793,9.2300550613126,6.193631697732772,0,869
260.48281820095616,279.4281100390567,359.9957575407531,47.988898626321216,179.99370648136576,232.61819946509743,187.52264850650212,169.89309071784447,169.4398289045203,183.69740468939065,5.548258482998808,133.52434941139714,128.44668691915808,333.7372705746822,329.2848016007466,9.171227450140584,6.061433579403469,0,870
260.9122841221828,277.46492231767024,359.6571545168809,34.37600929953236,179.49045345622358,219.24175711111815,187.32292792392207,168.40759739083703,168.82923306556657,185.48396470283905,5.958498841276217,133.3544804370661,125.59168143057995,334.2797756258187,331.9198459605652,9.149852945337942,5.93451392934759,0,871
261.09670603011284,276.7012561076704,359.517898720552,27.934150890203465,179.286145878541,211.4995043985516,187.3803341202934,166.94689492808916,168.6210711093914,185.81707226221977,5.854680447045658,132.9149550134079,123.52729667209368,334.92062378744345,334.28211189156406,8.959029702228513,5.892189513080662,0,872
262.2836825301957,277.29786767650137,359.52380992414135,35.33808167462743,179.3010675114889,218.54681011542525,185.10413128576627,164.63704809812984,169.9997484519869,186.0476234256801,5.98055215983586,131.89935660847382,121.36793523808788,335.63333696279165,337.6861958304299,8.675270790459143,5.726578032492943,0,873
263.22698139249087,277.2051195597951,0.3639761272700835,58.118304336468114,180.5072414912439,241.5244350135814,184.33060435475625,163.09936809350762,169.87099130307288,187.90008550343944,6.219279961868321,131.4753887885592,120.32312462184096,336.0767840058813,338.166677210077,8.4976228490712,5.691333661753126,0,874
263.8298900730042,277.1891357853526,1.063805919443999,59.91174897777621,181.46880335313907,243.5361537194649,183.79445933856937,163.00319261519107,170.09726564217507,188.4185314595816,6.209676708042402,131.04009787882373,119.80156988493322,336.33895904456506,338.3957379492472,8.41870612837546,5.624647019847776,0,875
265.5799379611894,279.32516611036874,4.284260455261532,93.90233217463694,185.8622901538336,279.7417538063984,182.72346531115016,162.3381923730552,170.48143841618588,189.4588996662337,6.2611310039861054,130.87186581048658,119.55327373322731,336.47038536850056,338.21477317523784,8.3349229615621,5.6542269775088565,0,876
259.2676153307653,291.9774274593076,124.22872093318033,9.274645566038847,334.1466537025168,338.28822052352297,232.99629172426225,167.48523815886443,162.41474908790522,168.22783373444776,229.3821310089104,106.9418919089797,128.96369888162943,344.0228070201864,338.7446627664717,6.547019820465447,8.724545366861234,0,877
339.34430837175984,265.710718509205,359.27898553598203,33.776719404306,1.513982282223291,231.16347054917543,162.9683745997765,215.34363073725945,186.2390713109165,163.60207410067022,88.40483426841895,115.55407718586704,121.51786963842454,331.55989697946524,326.7957101005925,8.839122377571037,8.470758887995443,0,878
322.16886776960644,262.19388362488945,9.7162594843612,35.013682110188945,325.51775783100743,231.1522323262104,159.96865289300462,222.0917628553233,183.06627256562604,163.4535279384153,105.07248673321943,121.73607771885035,115.72373884417377,325.2716606618184,329.3632137919739,8.573822997894702,8.93908689144772,0,879
322.074284839316,259.84625481723504,6.843333784341914,33.666359225564136,341.0453499521446,230.10763851123997,167.6134506169678,226.02348668630535,179.4113671036953,162.72618254879882,106.54381040176672,127.70380108717907,114.90286551344008,321.88627847660035,329.46693108273854,8.646010956074326,9.383894109426835,0,880
317.9683136604456,257.2373412539011,13.031235057387672,32.48973237948898,316.6625035188187,229.3079506429452,176.54666555912755,232.281787152805,173.3385277416156,158.26792340801757,108.53956196155085,130.22763381866764,116.87239184174598,318.7104559758374,328.64601630624026,9.594712590164988,9.244581488389004,0,881
312.7297577135673,256.4258887187166,17.215840583837277,29.600779867899195,296.9212027463197,225.5403893266994,185.3294840484532,237.3421888808088,167.75874031863427,151.76098784528287,109.68252415705103,130.6941759113695,118.80616966955176,318.0291888330829,329.3895491668855,9.749429587518446,9.068913624735414,0,882
308.294792703024,256.1079884098216,16.549021727492473,29.329916078349104,287.64007903227923,224.69897808372085,191.28220789710215,241.54701029946847,164.23403857394558,143.53406691234017,110.72102291516973,130.06779697274612,122.5651360016326,318.64567118061103,329.92131440135114,9.499577591055424,9.040300740356834,0,883
305.13437766197285,254.2493797744129,17.12188736104414,33.13977480361004,283.1488964569104,229.7580826378602,198.57356126121763,248.16404646607572,157.9401783627922,135.04548299979774,112.4947590872677,129.04864007446025,127.09064837604336,321.081464914867,329.32072459561255,9.32260571356442,8.980240390887317,0,884
304.3409362396654,250.06457823693307,16.326584159005787,40.0239932278384,285.96771289400914,237.09551193966,205.7599476176104,257.7999432332265,151.42358459364522,123.73687816743944,113.96380581909877,132.68929053400976,134.16550064446537,320.22983563096136,327.3090343434746,9.803133574544292,8.978947421401525,0,885
303.0136159889996,246.7808530885552,16.674806079211336,40.84262969489889,286.4361892750466,237.7476548440604,209.78776513075496,265.0816103761077,148.33345574722262,112.83084010227452,114.13109086651411,131.67568229234,139.0373938094403,322.5752766621485,328.7861274350625,10.013798324791358,8.98784738616304,0,886
306.8483409055059,245.52927927221955,19.632796700293135,46.77338243954784,286.334330240463,246.5350938945716,220.92276517106097,276.746384912624,137.5379623298644,92.69601506867768,107.07221480299371,132.63693752215724,149.03083604460474,325.74674797204085,329.78241472501617,10.32095365704163,8.738195129595077,0,887
307.04619749338644,243.7159770615125,20.83189184587391,43.29972245122564,285.6440555285247,241.75106469344848,225.44674345175773,281.2325167936443,131.57512738802708,83.96840514681507,102.22528319707284,135.83692867230033,154.98879393035017,325.309479329978,329.34607882851145,10.29988942057537,8.904470876313603,0,888
307.8893223282254,243.0093348243296,16.89869190321017,43.72859716563894,278.6802932768128,243.491776421016,233.68739838626223,286.1405230237048,119.76971104695431,77.9139383109644,99.80372578085048,140.74585771340338,158.47194479615598,325.7617220639725,329.09273429794445,10.3229921778046,8.99305609341676,0,889
307.2339682448511,241.4189844496139,15.23282086135222,45.3841822071776,272.9208905269708,245.4009259439939,240.3717960769595,290.6877933256785,111.23284042728662,74.32938811077807,98.6265081719194,144.120509788164,156.0264919360119,326.3167085739259,332.70899281367485,10.247626319765438,8.639320449071242,0,890
305.7748082409624,238.8784852281425,14.642066093978412,45.519280490633456,274.2280346854621,246.50202852184032,246.11559344328893,294.76919210459914,106.5976632117656,70.94959152219008,97.1734341088863,144.957871757049,157.99460339835795,327.6545906713629,332.35595231496563,10.256143397661424,8.75126831846875,0,891
303.1784359615206,237.90751846275464,14.583871982088612,46.01566012212737,270.7582164219356,246.01674699528235,254.4779026473617,299.5585220261902,98.98008259003798,65.11598475499801,95.12020191415031,147.1933670421357,160.4761346012037,328.2242305628281,332.4782721882577,10.148019374918649,8.520529613833713,0,892
301.60916313415885,235.92610956907032,12.505314530424048,48.624356205846034,258.191512074068,247.94675944493756,263.12367488956096,305.1023918139061,91.5656646260049,58.86448609220329,92.55112794293208,148.2484746443177,163.2160898335265,328.98557932578973,332.3951073170516,10.33314958853396,8.7182419829819,0,893
299.3737158309253,234.41037818257516,12.84042931477813,52.75797709064422,255.93210559321048,253.38134203816023,266.4320602250886,308.3212094181624,88.61529904568744,57.222662545047655,89.48202622763732,148.170286164582,162.7731680536763,329.6350712137907,332.8042906382579,10.372019406234667,8.66723215966634,0,894
299.05632809872924,232.15773800992423,12.8244430111674,54.16625644640576,260.22679099998163,254.34199601098905,272.4057099318831,312.3912582569453,83.80660885694918,54.084632667982206,88.44799601064345,150.39231755035593,163.04353417166533,329.63471610136435,333.6699533070596,10.052209847517624,8.290250545182142,0,895
299.46879998960657,231.44017254166835,14.708665688797922,57.34884647262456,262.2599009528352,258.3979622175111,278.5591103197337,315.74301593715893,77.06445388024174,50.91816481517761,89.53020556656047,152.38321202700092,162.89055655112614,330.5155864522176,334.88354410027165,10.401692880314789,8.050160447013178,0,896
300.0593371870325,231.70520322568635,12.78603409554418,59.24495001782534,261.27836067557143,261.44306117011854,282.689173072424,318.008076488544,72.57818072284601,48.46348980139624,90.1876071059251,153.49932777813754,163.59520853650002,331.7140152842281,335.64709197939834,10.54192622619481,7.782491761882274,0,897
299.89046906569297,230.23490130204965,16.25217971813095,59.46961582578594,269.18365636693795,262.08804636479306,289.0474982116778,321.54262349874097,67.67200690988578,44.95098746167456,89.96829334290716,153.33296932877442,164.9280438758868,333.3633008187436,335.84531344499663,10.912930688921987,7.81232078795504,0,898
301.0335677498559,229.94666319832905,14.501086168209037,60.18143322299728,266.5583702491193,263.5511140309857,295.3554448446202,324.65766068460385,62.68001431765935,41.94003862369631,88.34243644325221,153.919972646521,164.28653552537037,334.0661074363582,337.3752847839022,10.870392801218138,8.342012260219759,0,899
302.7438128003346,229.6129244868071,15.865419124144411,62.15900680465573,271.6764064000772,266.068174678068,298.40056484621255,326.3879537028287,59.93761893981042,40.32198532851624,86.08437884927622,153.42221523859226,163.9786143016263,334.9383640577889,337.9766840995154,10.477415779763696,8.111208687462325,0,900
304.69380587370324,229.32091595595685,11.582663463610793,62.972491113788266,271.12809438897887,267.7728864015811,303.6169709754114,328.8166680719916,54.08253863890488,37.263497419347225,83.70061740227176,155.0362306640204,164.2268576993318,335.9983476845397,338.41343004261427,10.046601724264294,7.945313010618079,0,901
303.4345722292357,229.12848593417817,8.533729126401786,63.12576742842838,269.09281650612866,268.23022686898486,309.08852948796266,331.7641443523823,47.13721081810196,33.52608600378789,83.74444675292993,157.2928216800293,165.6570185951514,336.198806926303,338.7357320990779,10.60031373178319,8.049514158748918,0,902
302.11656110624534,228.6716383973281,9.830673125793345,63.65182199834903,270.4159631028141,268.868345414001,311.02610975896494,332.90190061000595,44.63552937739062,32.442329535074805,84.34755154181634,157.47024505022034,165.21328126284897,335.74857535300606,339.6067844235533,10.855855742931473,8.08717622786132,0,903
302.6520417407212,229.86031795909008,5.339217535679039,66.31414759458072,262.2763361370893,271.82869269279325,315.2271678876557,334.28711358002874,40.59040081133468,29.642130752712387,76.14720490702011,159.05916965697185,165.8121588284262,335.1817314506365,339.70685394439187,11.59849346205073,7.740039567379509,0,904
301.51166255794624,229.97872651650252,4.869889970751123,68.53928481656386,245.02506684294903,273.9274117598784,318.83531591163995,335.7238218159428,36.542422881642985,26.987254725745835,75.94699594642847,160.5665923280937,167.59589079013716,335.4706779998683,338.97405488369924,11.765711575663294,8.109218645349102,0,905
300.2104827999385,229.88869788128864,5.416747605982998,69.00990347647796,233.9484840894116,274.6010289991301,319.17198737593264,336.86025581783457,33.18441626101784,24.994892980496427,81.4299502051756,162.63716265832386,169.40814481255416,335.64096289821885,338.6844432806317,11.733421218366352,8.014139435642667,0,906
296.91995296076385,230.6994585227597,7.481404490734662,68.28679187664252,244.05835819594265,273.19155685413455,321.09324529462066,337.47911357179925,29.254275122959985,22.51576789628334,79.8153451470597,164.74011411740426,170.84364596844568,335.73583474464715,338.6629365442075,11.407040514143794,8.115680377716965,0,907
298.1545525376412,230.9032920707705,9.431633682869078,69.95280324156775,244.56539410733097,274.53079267021167,320.9116136465467,337.90562173165654,26.21452259284984,19.880153519097604,79.54426415549045,165.988138414729,171.902120446163,335.67508524775224,339.01919929616747,10.837301362103354,7.946934261769695,0,908
300.35644603644283,229.30979972836215,9.19520762585392,69.67884880349517,243.88553032598736,274.97289532380086,319.86725600926684,338.6835245346004,24.854023037066487,18.72345992184948,83.7336488575098,166.0879199197135,171.7074594522704,335.8549768100374,339.7510801508331,10.247906132898846,7.847068722212952,0,909
301.58880436366206,228.92985872242932,10.451857232024034,67.60302378607872,239.67025910042312,272.9173228323182,317.81770003958474,338.6441453066991,21.88969361491015,16.884089194154893,87.50200061518294,168.29077994786755,171.96735275072064,336.1458611620355,340.72432323817185,10.203123788242468,7.969346965188071,0,910
302.21752030262473,229.53806834739328,11.670150242789964,65.66469599909512,242.62629671410556,271.0338989362635,315.587253379346,338.1162902009561,19.471562493330826,15.151473888439185,92.13227361941284,170.07046415272947,172.37746184910432,335.95018592455875,341.8613225613688,10.42364135160145,7.924105028555347,0,911
302.47962838402646,229.5658442045041,16.407011833851055,64.51244382979003,255.67115761268053,269.5430380538844,314.2892545033462,337.96490411069266,19.726267646933547,14.810896790138042,96.36015180118866,168.20783797126757,171.9567058831092,337.1050461970698,342.4548547135121,10.790920511304735,7.910714067769732,0,912
303.2897374152396,229.3403120043314,18.213993936421076,63.89759952181697,256.15915646446103,268.6800358742862,313.3004282534613,338.04444710973,19.83968764657192,14.410083514846193,100.23585155020945,167.27234260637758,171.7097951489851,337.6671007123301,343.0056411495378,11.619690883975643,7.69664990001411,0,913
303.443607070374,228.26763942696613,17.099556196989923,63.57576378860824,255.68014807853305,267.9394081374639,314.61214434719443,338.3357181603892,20.684012582893622,14.692994843661529,97.96134643293104,165.64119587744457,170.50730895221392,338.5565115325778,343.56556762500185,11.9694700314882,7.438024948417774,0,914
304.1844452524826,228.35960562334697,18.586514870472268,64.48383687334778,253.27007403319948,268.5578416711913,314.30920638846675,338.2355911132166,21.206021078014423,15.15654225841889,95.76341443345764,165.43100855645102,169.7849202074562,338.6375429113561,343.85642600697,12.078703673625489,7.30211708846975,0,915
302.9813178254876,228.9985802993845,22.271175952065818,66.6554725647073,260.56205868500183,270.43475803685004,313.76107579258496,337.619716172512,22.19396979338933,15.767830842771213,93.6673969630258,165.6921919002002,169.24462846173523,338.31343530222307,343.9251007572354,12.404846315769118,7.217175421657924,0,916
302.09695450909123,228.72355356040796,23.48663171975576,67.74949294686104,260.1786509913221,271.59827290721825,314.50039392631766,338.0321299668804,23.72844854797076,15.899204647241143,89.85264234337434,164.8284547884242,169.3662554321503,338.09219488849567,343.27937539711826,12.880847002041987,7.400023282951148,0,917
299.61273410396655,227.9046986845768,20.669130461985205,68.84803884084648,262.4074020248936,273.1223057229394,316.6521215157515,337.9387526685556,26.528114671204506,17.15643676865272,89.36607325101019,163.4541398232717,169.7744878420604,337.7591119700287,342.483479974599,13.170034861609873,7.462924424650525,0,918
296.92677830315046,226.7788310306692,18.5998322154924,67.61073210168627,259.32227171569804,271.43092457457243,317.9827528653464,337.46712919259653,29.974396680662228,19.559299136782077,76.70585878229667,161.9948932853714,169.67872599828542,337.52205392006977,342.00633006848784,13.232513668983591,7.672461949766308,0,919
293.6729260718555,226.9986836403957,16.761829626102564,66.6831559612765,259.0958139417627,269.998192607643,317.824840094678,336.1691245369051,33.608025436073056,22.981307054503525,66.56018610817205,163.05638705427216,168.6848473781968,336.8007332329784,342.0996339587529,13.255981924170854,7.669211754296618,0,920
291.5292533461697,225.36090616063564,18.72322954922304,66.182644342778,266.9896018807754,269.9089930293704,318.14356828158395,336.36971964216474,37.12220472189433,25.353060632213296,58.87010217324769,162.00919096953086,167.450450369567,336.40756403570333,342.0394177597575,12.195451723904636,7.403618785404301,0,921
291.1227480505232,226.06519286097716,22.52187498092004,65.35408330060177,272.6769442437609,269.2969104240736,316.1436051804511,334.85519956707344,41.77772845688831,28.2994801791558,53.91193508285608,161.6204705298491,167.97469915287616,335.78411273275856,340.706960569985,11.821193419736757,7.408498745377552,0,922
290.11312824794754,226.6756663251588,22.526312455923296,66.90035496374598,275.46320659877176,272.25287922774163,313.86665680280345,333.27146733547374,47.43349468695387,30.945810261117604,54.91790321880573,159.8421572311014,167.85417350287705,335.03934528237346,339.95826818545044,12.24072531336718,7.234833053080861,0,923
291.7296275243226,228.4565958406377,23.58620934971184,69.0220751699071,273.63526542448864,274.4779418412915,312.19024428815214,332.0051187742929,51.525597897038764,33.13816503148322,54.7835892080853,157.68622395960733,169.45653719138798,335.2074327315707,337.95504265852827,12.259746805151575,7.947920312604583,0,924
293.6411406949792,228.91538011425112,23.349212481294582,71.92340430870101,272.1806771219412,278.4543627937051,308.3104518658908,330.10925288402615,58.10700458100146,36.722975449960366,58.61041058767301,155.5454950523017,168.36634469282956,334.80022729482414,337.6845340175812,11.880294992056074,8.073138378492674,0,925
295.776522143987,230.5649367611519,22.888875690035924,72.65225941612096,273.9431941170953,280.4289188100569,303.66584116915595,327.7207815099419,65.68556098772096,39.6916422323048,60.29655602443514,153.0036456922192,167.58532292471477,334.20477532628445,337.4019068273812,11.974281069089178,7.972982432254248,0,926
295.31419795077727,230.79056312261923,25.15699740848269,71.15503471187625,276.34731567956857,278.67794343565663,300.5771080525581,326.5890839597483,68.78687600764049,41.28667083108542,62.3007281598376,152.56885174841292,167.16034173743645,333.1441580294186,337.0433081093086,12.168536258091098,7.907161370175572,0,927
296.730681823798,232.1510351630479,25.41736023277509,70.84392599207187,275.0106979475298,278.51802603883505,295.94571952853863,323.8358845915738,73.8916500206929,43.99945811280171,62.79254004629568,151.5012625758736,167.12369197957176,332.34641046948,336.36701797192075,12.363869252310309,8.06492054026556,0,928
297.1033584181452,233.5829595107913,20.83411071594448,70.54667443253844,279.3250355773049,277.7392112504018,291.2843348976458,320.7378282892497,81.34645880151432,47.36929481085898,62.43485686709367,148.1907649804262,165.61137662357197,332.77911698321134,336.34854498087526,11.490773453980571,7.980045703941646,0,929
297.1911554597082,232.57385440359937,23.03056632765735,71.65615592869383,277.878899224379,278.0999668803067,286.8028972072749,319.2402949108592,87.83430293121555,49.88409351859303,66.73615311658834,145.05090944372623,164.22459355263896,332.42009991423083,336.40811654285625,10.879255989827913,7.908880229545685,0,930
298.6626493548836,233.11793140007117,9.240821044259365,71.47947590171339,273.1806512261632,276.3368706181205,281.9516223599605,315.7713903352933,93.18840778325333,52.86040525000597,67.32021258317235,143.54832031327177,163.42274879582308,331.4261349154096,335.97308966962214,10.595156991356744,8.133254362538889,0,931
299.4771430029266,233.52072129620691,8.515596120629668,68.78904943136318,288.8235152837368,274.55115702903663,277.0415882861097,311.7985921683131,97.91204050777247,57.34722857334943,73.30529379784085,142.6467575215626,161.5535990256799,331.12689567497046,335.7622407889757,10.645534990344236,8.087538541695707,0,932
298.2645871086126,234.42711779914808,5.432269361093763,66.11831553590089,294.06327080529354,270.48626048295955,273.72700628235594,309.28126900913514,100.93450457900302,59.667028600786914,74.08024193331252,141.90719756637623,161.26241938401137,330.4789973411191,334.9873404761749,10.68831852872536,8.186197981823474,0,933
297.2549815249325,236.0081000362834,5.641718805806714,62.804389264677184,302.1475668194052,267.3708201510447,267.4272603221959,305.0242244702122,106.33296791675949,63.48603793616467,79.16579339600618,140.88997742669076,160.78204246795949,329.5438617414233,334.09281437125725,10.873765589836337,8.466777081161268,0,934
298.8747999774552,236.56331885728991,23.40397760135626,58.18051700092114,290.3612751018803,261.78288704699565,257.6928639883482,299.7141091398236,110.534578264202,68.93160707509504,93.84310895067634,140.67746978850124,159.88810168508343,329.0992273761131,333.21787211941273,10.835268387933606,8.966457645295186,0,935
298.5085766570178,237.58557880184765,22.024435505970843,51.17529720370718,281.9461182982137,253.6170856899895,252.1680414288916,294.8024337594762,113.68430902895562,75.48164379907767,95.40043591710158,140.10625131252655,156.84529406336543,328.5442132428698,332.88497879593444,10.887502163069872,9.29341044218286,0,936
290.26638980397763,236.77523854172009,13.447873379289264,46.17101314742433,285.852908998782,247.01137013565227,244.5599896519537,289.2768564437508,119.93014058828776,83.0520198912391,94.17093162858436,138.52327328648357,153.99635187680605,328.10642991381894,331.6238691024096,10.98621966361704,9.485036851187129,0,937
285.8187882846061,238.6036039625444,19.744852232121847,38.59497598650361,274.6349445169548,238.66951351743995,232.87671344972955,281.93539040627604,127.0532465516678,91.65772565813836,100.69936390452868,137.21908649647665,150.37399019036798,327.57209520700405,330.9197383004572,11.01784220125244,9.637174176127727,0,938
280.9215826174649,241.10274218702585,25.47332839500156,32.43162206157307,267.81761554902454,229.9679758255432,222.6440808531069,273.4788690233826,134.65603191055803,100.3700038186115,101.88194617733885,137.76090327859643,146.68884476423682,324.9243530881061,330.54896593666865,10.58470822901832,9.744035063672063,0,939
282.6483210403069,243.68307711028987,25.88839310133804,29.1973914010872,265.29912034959773,224.06503837618035,212.15940564693025,263.87708054666604,142.47029007907807,113.0657079348752,102.38284971489912,136.91941688182845,139.3309502605494,323.75617820472087,330.7482606143373,10.468464731376162,9.786943929697747,0,940
286.3264162925143,244.94210175133065,20.04583166567429,28.450347526513013,260.44930494633525,223.46634020368327,203.4726350074205,256.9795651144417,146.83817765884103,122.44472390046082,104.52541732668108,135.9922088495663,134.4921865821932,324.1942974202486,329.8315961945788,10.415218653666402,9.965997929461484,0,941
289.42279535896625,246.5591163465215,20.72732486657526,25.18176544662619,263.1831839834855,219.90515062618067,195.95833130727567,250.66084890282397,149.90430919904188,129.8164368917057,109.12344058911638,136.51608060956224,131.40443770409013,323.82386156117144,329.78787396066974,10.82983408817704,10.147167706893176,0,942
292.21516183778374,247.9942815654773,21.528415683657013,23.1262848820604,260.6360723406337,217.707428624302,183.49854125485376,244.93179781925835,157.44134617231873,136.3072512632991,110.47822387954436,134.49521839370186,128.6184374835557,324.8024194160544,329.2165055494208,10.838131366032464,10.18623861775999,0,943
292.8569750657588,250.40031019212225,22.776909867318818,21.45932503731324,261.9032034454477,215.6608582977798,173.754364127398,238.10808011445005,161.83329654784862,140.93620136021585,111.5717815956624,135.20394146035326,129.54106481857937,324.5504931917897,327.3449245039756,10.833411897038014,10.186902992985363,0,944
290.2530831350519,252.4811181544905,24.15719450588648,19.26047212390969,270.3782130745349,212.5269102571909,169.43646678955446,232.35138349563115,162.8568105583526,144.21341930828433,109.22155600045016,139.611586028864,130.11104468047466,320.74686492863606,326.5648996436636,12.112046614779242,10.301359615564325,0,945
291.62636589511897,255.18598785191455,24.233400453008848,18.817681367913565,277.4134474902009,212.8026505441986,162.92446057640402,221.3628065367037,166.9194038791768,155.53111489192543,110.5276264984604,139.87449865007923,128.04381634964466,320.20460462560186,325.5120184978058,12.317205665341534,10.452001255072544,0,946
293.667233058506,259.3861866814203,21.54886188992121,17.122660234515177,282.8478252508238,209.753314662706,154.67639416966216,210.5423967076395,171.81223485736234,164.3570042682181,109.3064264010292,138.086126392572,127.7263619118391,320.80696707218766,323.20544753727825,12.037532926919251,10.352113432241214,0,947
299.19635957314915,260.8787269554887,22.59396729938269,14.921418905310071,274.32476365955125,207.32979389063664,145.99577612837754,206.2342042790857,175.85001095843964,166.68622706591256,112.80696965970483,138.13566198812327,128.53893353404914,320.42928407773684,322.8996858101966,12.105909927558054,10.343469817113675,0,948
300.71536729730724,261.8440950573939,22.77426493205395,14.357304432637036,274.81201572241787,206.83826714666512,140.83018533430257,203.197710934852,178.12811832891958,168.18964693817858,115.90146598911296,139.67857161717814,128.7964171516876,319.01609811395883,323.13595905074936,11.657274843268816,10.301712391796835,0,949
302.41422250440144,263.3554145362549,21.69091888320377,12.930045863920247,280.44592415166574,205.4350970685512,135.0637429711284,198.0079466421996,181.2819095287368,171.3470950248353,117.1580915910951,141.90381114560876,129.02337307336697,316.29868216735,323.10071851429814,11.498903492362537,10.142159224061851,0,950
303.8224454709617,264.2404053094582,20.8267769660749,14.160257394819586,284.28969506153425,207.4108998389907,133.30114967537006,194.8914812132112,181.72334442398827,173.50323218843954,116.8590963558744,145.25785519798626,129.68015587323382,313.4303812431081,322.1451669861557,11.488225179699194,10.203204133765954,0,951
305.2176624099795,265.28966159422174,20.090143583682856,14.083332313668365,289.8972940110059,207.35199206774604,131.92379832489283,193.9242092392218,181.97207442831728,172.41397181927863,117.79774936168243,146.415172650147,131.15212479044152,312.74990493808724,321.714137720145,11.35072898364459,10.172474407862731,0,952
305.84491021132885,266.1987480636229,19.28031113986265,13.774554658810397,293.69565746521823,207.59142857665557,131.02881936942532,193.66746651893388,182.10703432007543,171.1930893972768,117.54424181391708,146.46941992474277,131.4278089397928,312.9300831307259,322.1268422900177,11.335760877472037,9.898259254620504,0,953
334.91568604924487,276.1289604606477,22.841067095055116,43.52239735520259,310.8095968925885,243.22737851599624,153.2666351885313,206.77289572513956,177.38398868760316,162.1082296131946,115.14163887580531,138.55778910572295,126.79441253693658,312.50552951660416,323.71943524036504,11.185105217918906,10.195955248180054,0,954
338.6230971612406,275.4595046197907,26.43357336070411,52.56386495935877,302.6019146057589,253.37646141659943,162.81552862232903,214.52177334845197,174.67826907412714,159.3167430777793,110.10120426889074,136.59960242368774,124.266460222114,311.7544511615998,323.98173285809514,10.92626213928619,9.937163804197766,0,955
335.8378868857851,273.10237336401235,25.292188960859317,54.935136735940524,299.8317836636545,256.0472658758939,168.84978802929885,220.18731130510557,173.83849083222196,157.33984939771616,107.3977611274472,135.8307129532013,125.02411366503908,311.04066161634006,322.2993971335941,10.761424138034178,9.788531446073906,0,956
335.77026648385896,271.1946405554562,25.30090123491711,53.32839554803053,295.15243523453154,254.62690193118584,169.6337642716664,223.2217259428397,175.23542856099402,156.23423627773053,103.96581298107056,135.14528809245357,125.88812058322654,310.5403069844869,321.40629905694146,10.591355537460952,9.76360852976365,0,957
334.4458998072004,266.2852321066426,21.8024339680544,52.626253385585656,293.7082677637642,253.7056833523012,179.40438182774406,232.82338938960143,169.83851473787195,151.51992332210548,98.26123487812563,136.2756372659606,126.5082096003862,309.78054198117974,320.5184580545386,10.159180149376269,9.764921703649302,0,958
332.0378791099787,263.05111577906337,18.643482860021848,51.26400214665269,286.1060060898451,252.56791316587956,188.94871264589796,241.1595278523937,163.15950367299456,146.5639313630486,93.4719943258007,136.12845353419883,124.88267804805706,311.1606806006011,322.0439427423143,9.903372625338148,9.777551146893666,0,959
327.4713272969784,260.99023630900115,17.918352752621452,48.70997335703261,281.0348767291573,249.9920792623037,196.8670980594274,244.30325175216865,158.46352516018408,145.8230628827946,84.71419781351379,135.51784331445458,122.97893488947255,312.3442235710803,323.41636104340233,9.395738714902444,9.73780636568455,0,960
325.80995300724743,258.5748182357622,18.465235193423407,47.50240387757788,280.7457742952594,248.4227651676285,202.94084400271475,249.58855143706015,154.73614383629672,141.11860185607847,76.15218989161711,135.3364140286179,123.97321063906344,312.9074698145543,324.0518576252895,9.244575424448184,9.747784479419169,0,961
328.3326543141148,255.5589263996017,18.709371037827204,53.02920403054709,282.431160009407,253.90362743916992,208.4965021785603,257.91686250122274,149.9445968011158,133.09280337602002,67.67401768197584,133.2662637182569,126.3787561128682,316.59706918875213,324.4017644477468,9.077704248663224,9.478951896756325,0,962
325.86826056076524,252.7746286620657,19.697293722558328,58.63801633850936,281.13038733914664,260.1976604566869,213.91189066494303,264.6831064739195,144.93817660949114,123.72985488263772,68.61971236311844,126.17063737243356,131.51342677709985,326.3171204549375,324.7131041641413,9.194920926735714,9.315033730611416,0,963
325.41206460656656,249.60602243082948,18.988067549614712,59.03723072028573,281.7187342964831,260.85135664980226,221.0092858895208,272.58253547334056,137.1842750354208,115.7704640121059,68.30029541812105,128.54613068385297,135.20917256862083,327.7079989017354,324.7551029729988,9.152338525472215,9.36305428289478,0,964
323.9124506352681,248.4438657163999,18.860050610313767,61.277940419345256,283.7508641553168,264.2717888874335,230.76366829725845,280.13268324109293,128.8455311229316,104.01347924420136,68.66916747894611,133.42441178682358,139.962817773699,326.92456337774,327.5266243074116,9.41343545398278,9.42120376593502,0,965
321.8516857779625,246.12941071101025,19.90801112215741,64.59843766732571,287.5451948589608,268.04834058062835,238.8074923188348,286.23278240503,124.82367364858834,98.08524935883112,66.65762684082594,131.8402795594417,142.17203883641528,329.0277044008461,328.3370053300379,9.567203233083974,9.219830225327437,0,966
316.44903302989843,242.8702603610879,21.52630966387411,66.79888340688713,278.0047938399905,271.06443371486944,247.6188970517117,292.5123826467314,121.20255240602548,93.0239943021682,63.65258685134422,131.18081571480235,143.9590648906505,329.9058277194216,328.8562753561949,9.45927894556392,9.12986022095032,0,967
312.90920311275954,240.09576134767536,17.19883280618939,71.50555819784545,277.99480564372976,276.37195671495164,257.7305401714869,297.6554103961127,116.1853658215704,90.61576719238184,50.93312512055397,131.36752663365814,143.8052563216331,330.47293106813714,329.21013097003686,9.054498059455902,8.96387523664238,0,968
309.52248673320213,238.9260816678408,17.173778012554745,75.58666637795343,271.4118226061115,280.07700266067275,263.1735123903352,300.81064591255006,114.30064850242498,89.88512963975394,47.80443526403961,131.43942134657723,141.89972849536343,330.7827146819723,330.3907135225506,9.514263018720154,8.521033176859051,0,969
309.9354677179322,237.31727864172487,13.209624957339903,79.07597984972246,265.2284524288915,284.5107735719372,271.6697556524064,306.20294660097176,111.037955762478,85.00939492573629,50.75746346231886,130.05046664234425,144.6243157881094,331.51299402684947,329.4465827493531,9.3937145971128,8.488458759662342,0,970
310.4603765694968,235.96330370127805,11.400038455994688,84.21159095762542,263.1738927867917,289.92564794647615,279.18402717191265,311.0700838970873,108.08374346486728,79.64431505903501,47.92617833937493,128.73007506215876,147.39085295897715,332.8144093452104,329.4798057063412,9.759560855239489,8.380161058114837,0,971
310.1309949217809,235.3613985838576,14.259870158599377,85.54679650780922,278.6703058082169,292.719323181311,283.52642111192205,313.99281925476083,104.34076991263414,78.15375801018088,47.78183158505449,133.5036303488945,146.49634274478254,330.1756740863937,330.83446378173403,10.76287556649267,8.223179593457802,0,972
313.56972440346186,236.9797232265202,10.855322211430794,85.42500596466762,263.6109889693987,294.715571771695,289.6753387858427,317.2334404776682,98.95627322275692,74.77048624273601,50.964095461770576,136.93306830136223,146.69376061287127,329.6779581555108,332.4478551904052,10.93281566539062,7.752334972871491,0,973
312.47949724482004,236.45210806393237,15.302874670211704,89.91868500805238,275.0791981353711,299.9650820946588,296.3696012377509,321.9213543241565,89.34818100505555,69.62398728756057,49.64964091818917,141.3229202929602,147.9639733015874,330.26306263794766,333.6195299167981,10.989542643509436,8.145134092471439,0,974
312.62560366324715,236.13273864517345,16.580580549252662,89.57398143217137,277.1997679720089,299.8341647072429,301.125563647997,324.2483473867937,81.44202176903443,67.2874426709056,45.72141574370595,145.12941127875294,149.6394050472741,331.1995809587152,333.3915720459683,11.01891079505113,8.337494111012402,0,975
311.0026465278594,237.62235082708003,15.676891162550504,89.03806677386099,276.265213034199,302.16256645897005,306.23684627466014,327.7065434708693,74.76715054106128,62.65241702177664,49.52670047410444,147.21673703527782,150.7459957167877,331.8520355613723,334.53064693594166,10.91570601806677,8.059638258147196,0,976
311.840781834352,238.8924571797726,17.676254376673363,90.54649286757892,266.888378716934,304.1324285554546,311.7068496161201,330.42603746736467,68.76017049253386,56.078239279079895,38.91984380701283,149.55069362054866,154.16578924687028,332.28660391743875,335.18884654596786,10.851483002412726,7.907870074445929,0,977
309.14640201917854,238.332891083299,14.064798454446068,90.82405999648378,268.2606738352133,304.32987134854505,314.46425092121643,331.82049208924224,65.7734535530889,51.831920587724746,34.36189303858755,150.04011004047717,157.0308147028166,333.01963596896667,335.64654952595146,10.692187485690823,7.75906568180677,0,978
310.0830133691951,237.59678344602975,19.508614547821534,93.71376735214602,274.3845077803572,306.32626344718875,318.9994276182869,333.9892009035535,59.80353993592803,47.153997987083415,21.253234685044227,152.22552475059334,158.9048783923054,333.43160946649834,336.3685745639982,10.676832181212532,7.682510136690152,0,979
312.0279606064868,236.7789582270617,17.741833000441,97.01508785108147,267.19607842079336,308.7271319859095,323.04534105829305,335.6138024160121,55.24639305967523,43.787700670608885,14.754162354723851,154.34120220413823,160.7896160729946,333.2948595078499,336.81724857455134,11.515311898327816,7.724764152270215,0,980
309.3595613093714,236.42422192001408,20.05821786475152,96.0790866199546,278.86261380428147,307.43541983595446,325.7533813250304,335.9447196830714,53.51999213464965,42.59891405416752,10.772817077642102,154.13641217046128,163.0283011332676,334.25411866529964,335.64233785596633,11.74326533939318,7.691435471452875,0,981
309.2137297818422,236.70422515859516,21.74788848463705,98.0919264141632,289.3688744000156,309.47141435397907,328.31143643965856,337.2303160455854,47.76052474217528,40.47186407401975,4.740901693059065,155.9841565360674,163.52542622469196,335.5940154267367,336.3390504194491,11.755547657079058,7.91442332668631,0,982
309.02358238319204,236.4576429925787,19.99125054784769,96.35991389574345,284.17655055824923,308.5508849323332,327.5468256832904,337.44380783951374,46.67410277011857,39.39200260771009,7.734068614827015,157.23907737868964,164.83636776292244,335.90755589363647,336.4909095930521,11.88927099934447,7.912383101744585,0,983
312.084191833457,238.05087635110988,22.820857390495803,100.17288117113138,296.51101410923064,312.3295508721272,330.4261086149918,338.27956260603634,42.08229740581745,36.159329468161474,3.3905769778737915,158.86990193009316,166.23383686434877,336.04245147707945,336.5033251888523,12.36425005561868,7.9033907822484,0,984
310.0250075294974,238.4785294158204,24.06947084487389,99.79839353521989,293.356497917818,313.1766656572992,331.8373357358034,339.48190057505514,36.321794374787046,33.78623059842743,5.65553464047702,162.75374770784236,168.60713673801098,336.14150929168045,335.8033948238746,12.203389037340845,8.148177777210979,0,985
311.5000749027046,240.657088007402,26.978144017075905,98.24419414109784,295.6387739794812,313.5470351673843,333.3307547680964,341.0631460228949,31.980575280658257,31.18227832906842,5.706705299617761,165.2495664359911,169.46640687408365,335.9491197339285,335.4773447621861,12.031988904381846,8.54443592469167,0,986
312.89177292005354,242.14804141614005,24.72305419037516,95.70144041816071,285.8981911576208,312.84330209180735,335.09436956121976,342.5461172518364,28.904131192766684,29.362011941846724,8.484934931390647,166.1571801302121,167.65164209294238,336.4810072932821,337.80352270585183,11.802140827782228,8.489723292570995,0,987
312.7802093325168,242.26149116337055,22.15864314441952,95.4223152435416,278.0104476919103,312.7102740230385,335.55906555761203,343.7335008626021,27.118825693101204,29.084354514419463,12.911936668566009,167.26542190668283,166.2970565379405,336.28929801506007,338.66514218573195,11.739357261197064,8.451467876910296,0,988
314.834674086691,242.22898768473567,18.81950323394741,96.0268315102459,267.38021438696626,313.3538805639144,336.8328447969871,345.0531649077545,25.54117888072828,28.84275227525366,14.884333890838144,168.7434394692144,164.83388337568587,335.5224895280093,339.30475480047505,11.658227434690234,8.270086409650956,0,989
314.5805553794909,244.72512063316904,17.482255191852232,95.42155310301813,255.47667384890588,313.6072682473055,337.48083934697144,345.62082876788867,22.831348557163288,27.645830344396398,11.056549017017277,170.01853686164822,164.39710306150522,335.34836539151945,339.3362491983608,11.920636528320308,8.127523830875976,0,990
313.81032520113183,246.89057893727784,15.558770435555344,93.23761100566858,249.98421852181824,313.2049978249257,337.5078259416723,345.8034428086577,21.562609199567,26.63999789978941,7.679599156250239,170.76499446280422,165.40105680169307,335.2166797063488,338.3768877537866,11.814416280307237,8.098833470666111,0,991
314.8741493240536,249.7293837864566,15.018424224655435,91.74644495114066,243.65838002080247,314.0267454215759,337.05495937180734,346.47673925224024,20.073947056528,25.59723064331121,11.068579973817693,170.6200943017835,165.33427176441418,335.98617791608814,338.5909177215817,12.247754350194382,7.845001452178835,0,992
314.0723998096585,252.95706138119743,16.332194662663937,90.45780227729846,244.8026663108048,315.4033418515952,336.70071847234146,347.09531652053744,19.78396816760489,24.12775426732499,22.688983357005156,169.67675589905716,166.60449286411878,336.0712582728018,337.85377743096814,12.770315307145491,7.834067334131314,0,993
313.32569518504886,253.5010997583173,17.192859324552902,89.99103859928884,245.37376649244675,315.5236456221044,336.66753691801495,347.32308904405136,19.587795410296973,23.4029537467675,27.782776818396,169.69381880469516,168.91865783540584,336.1561736992547,336.64049579700725,12.629818916206563,7.946047683074743,0,994
313.1280720867029,251.19671466356948,17.33949175125625,89.99250033842279,242.08831934076144,314.25578034051006,337.3124202612064,347.6707374835988,19.58890245554332,23.01947654959521,27.82856047940736,169.103204064191,170.94560380724715,335.9974232347648,335.4445720111259,12.541764345844266,8.275433078323726,0,995
312.48950085215915,248.0034117150672,17.83481765917217,90.58738788920203,235.26707415323125,311.40906054618915,338.04904073127085,347.5321734924308,19.56517115732615,22.953939243269243,23.184138914473863,168.78255818790893,170.9580200785948,335.9122043550555,335.7002057312386,12.37266957519738,8.332901962362257,0,996
313.24995962643726,248.52018866503244,18.745997675036943,87.37984692717099,244.21917697570467,308.83248458144226,338.10051448918097,347.5445558449501,20.910869566823177,23.84843482148484,28.527097601052613,167.79171605681788,170.0989190674952,335.7582983161414,336.46212920371545,12.284048741782335,8.22814083013055,0,997
312.4604847382469,247.66277240022063,17.735317498292947,87.21514997861462,245.8048123266657,306.8789321205376,338.37170194146864,346.81233078341666,21.38304316512449,24.39271893876149,19.69284255811697,168.04718953828433,169.85302106995798,335.58082534742414,336.61996290281223,12.145417620810104,8.2155587754721,0,998
312.67720697311813,245.10463654440792,17.551937351220946,89.78297296829594,252.57006592824428,307.0749106483022,338.23731952729526,346.36569197357466,20.433909637975106,24.79664951752724,13.446088351097243,169.93667702789267,169.37677735472565,335.62706033435893,336.7086054644364,11.916310941583902,8.675449116216873,0,999
312.68157758443544,243.7214847213196,17.41439005642177,90.38391358686872,248.63300392043317,306.7802985273329,338.0759238052178,346.5375049961407,20.15392865343866,25.21910064626904,13.330205129141053,170.2948755936754,169.2055233467195,335.7380723655203,336.909438264654,11.895065959944864,8.739925327535733,0,1000
311.6503152295098,242.30974725625796,15.77914520448757,88.48256874596987,245.7638507769892,305.2455853471544,337.38331499460486,346.3551250835935,21.930536171921435,27.18188644855675,12.867121323059,170.0707218219387,168.35854981997295,335.73989255452483,337.0286056290407,11.891741048354994,8.911148993687375,0,1001
313.5125281846308,240.4212841373752,14.646191345250871,89.13226900183932,250.2356734517885,305.5832107960488,336.0903010280695,345.18126568686137,23.67540643891136,29.16168582945156,9.333069142771658,171.09810939188026,168.4566239534699,335.14592522119364,337.0860968114809,12.313706402969531,8.846378573020688,0,1002
311.5317610210444,239.0618377170195,14.566566613824948,90.63723344747882,249.89547111967704,305.94277473160844,335.6950364992377,344.5777452873864,24.067269141836206,29.701357963396298,8.893573312525893,172.06399056991555,168.95017810279393,334.46520738414745,336.764814954052,13.92082756382157,8.715541239005047,0,1003
309.67979413154814,235.65240487128412,14.885992516685148,92.62691972846368,262.08283979328115,306.22249269688643,335.6187139534521,343.7547071423741,26.196789290860902,31.580597309754864,7.377429933070304,171.41426715306648,169.53931988198468,334.6778970100402,336.19686855735614,14.64712751088311,8.391730747390364,0,1004
307.83301058862924,232.8791837974979,17.856015746329586,94.95507774740008,269.1973763453048,307.3873313129336,334.5157687032612,343.01856137390604,30.75746800203404,34.71977448968048,5.633015612531181,170.41072549075906,168.19802776089202,334.42059368419467,336.5278929606894,14.771277918679132,7.704136038324364,0,1005
305.8632024246076,231.37410248025452,18.56135474219312,96.19780954609436,276.71162876362416,307.92779765272195,334.2447156592603,342.3626087576625,34.47165929584212,37.08947376271328,6.207800926345659,166.77894040084203,165.55885181414897,335.50138924612907,337.9591637754547,13.804178378478822,7.131950076887353,0,1006
305.5979768624984,231.05402608815345,18.353474459636853,96.35427521036488,277.9369241579893,307.940536341515,333.1070226065543,341.08223311433454,38.22465836087095,39.72241830445441,5.19360186810377,164.63519362840395,166.62013922810715,335.267313546289,336.0408629048836,13.362145165298791,6.770032608530277,0,1007
305.837370209619,231.13218789280168,18.34356464014291,97.60932323363328,283.9586507834855,307.7359718043814,333.3345372285453,339.5368700548729,41.55953869031279,41.74169864317826,359.42468962151685,162.33119226139007,165.1251953947353,334.8139214931824,336.3241810857537,13.347706279049634,6.686908840010507,0,1008
306.2994097971418,231.36820904459063,15.56768696920816,97.3927126355634,273.98501958800847,309.16220361637744,332.78042944310346,339.53301857814694,44.861630199913,42.97270757757917,4.598716999856927,160.10329057296863,163.9094740531336,334.88793483625426,336.1345801131986,13.173982501580632,6.84306042931187,0,1009
308.6394544811203,232.263537371568,16.6921959136214,98.55111235015242,283.4978407945008,310.0099883239962,330.27127021593753,337.79965343509105,48.25287520916009,45.180096918845976,3.466662201228274,158.6548500369015,161.34557997888078,334.87412884993233,337.22843737373097,13.026578713793748,6.801984356238704,0,1010
309.5714239371091,234.50500066062048,17.47898063637858,99.50330411411916,285.7423948396052,311.5068118100963,326.7943929915979,335.85044081099903,52.82035425035144,46.886305262306,3.494450691420796,157.47139902996554,159.58218595885177,334.5387922833264,338.0975548601836,12.342332645965728,6.671006663717269,0,1011
309.4720729500968,236.67438419730485,17.23886048310036,95.47711000886493,286.4614561389096,309.9073347633196,325.354323361272,334.8876981060877,55.8791794235162,48.06288034837734,4.39585408411784,156.28217539260058,159.14025262997853,334.1486290331664,337.87525166881727,12.394899464740991,6.760279394798896,0,1012
311.79759676962067,240.00795341487455,17.81389535425497,93.8100191041451,288.8978004548079,308.67260115855345,321.675083168917,331.91313139145603,60.24549666038209,49.58686209152294,1.4063102291680911,155.27006691139354,159.55176769854444,333.4504022822698,337.0535708928225,12.07975612019898,6.906280661984837,0,1013
311.630930497064,240.7777209016229,19.188969313621357,93.06135313589132,289.1525642904431,308.698616994767,318.09729040921434,329.8133263387046,63.10578445383457,52.19888973498946,5.276058343226029,155.9995814623251,160.84181040248896,332.48329645600097,335.06852330241514,11.494821932599166,7.11536518847291,0,1014
310.4420448482337,240.87140756917364,21.05674936382388,91.65182001349925,292.1748968906391,308.45574829553175,315.33900614667147,329.2054875152264,66.2288051156866,54.172933520605255,11.559035819373992,154.61141393572424,159.42491519018944,332.2081759430714,335.14313437299865,11.448956530560087,7.164586430973439,0,1015
309.4824590990896,241.66620200484152,22.244869598416816,92.28952618580398,294.82602048905505,308.5070431485408,312.0130075483891,327.14418938726976,70.36482045707896,56.0447947422548,13.029871995234997,152.8616958946106,159.29658441021536,332.03636463493154,334.6293466774701,11.29480630130691,7.358889003914752,0,1016
307.64749948024763,240.54025513548297,25.35975674557077,94.60700904511692,292.39242577746404,308.39821973859586,307.604846898045,324.79876487164705,74.93545293612475,58.53350165387436,17.990377653215898,150.74490627963917,157.27011975586925,331.9925669059462,335.42555430873307,11.362224220135406,7.425988049398551,0,1017
306.4267632372786,240.21283447612728,26.44709126556728,92.97475974698855,294.88224411216333,307.1572980973052,303.4180810440118,323.04899425655344,80.18448529917363,60.284647616294855,23.95700270521803,147.9234186642441,156.376261476185,331.55745774485683,335.2807317817949,11.388879471461191,7.401271029364619,0,1018
307.419275014027,240.67381512148157,24.877573767038125,93.61249960252336,293.20501977363745,306.8531281996162,297.8548558689756,320.53096319717673,84.96602651074753,62.87622223387494,30.255372999605967,145.99465841702136,154.96895305602348,331.02270017111,335.31802063702565,11.298740275708974,7.433333694704015,0,1019
306.5499412918868,239.90364525164475,28.187376537515934,93.40319964333555,298.3153429531966,306.0041389523892,290.00638463273646,317.077831758256,92.79047659710464,67.24872225766445,36.86082044411052,141.06462384868857,152.37247116410492,332.2531241772403,335.5714655329782,10.189852651755098,7.438060808975406,0,1020
304.76086223212565,239.42466361003977,27.3079821924678,90.33357250949749,294.50091169954743,302.331930032722,285.7295390841053,315.36618227953545,95.3991256881162,68.23638352672704,41.96504268118508,139.68948708408075,152.14454116424278,332.46449530398496,335.7437990458349,10.190694285606858,7.928502072048652,0,1021
304.01143236786,239.7343131690318,27.82116852218544,86.95134807125383,291.5736261603527,297.43737708977284,280.6769393328632,311.4847079640052,97.73067429549428,73.16828130898956,51.986374446443904,139.30754356732652,149.70007414754758,332.53747740103785,335.4414858792269,9.754122435195177,8.079841679204046,0,1022
301.83361581328927,240.4960413155431,27.4160241514635,83.01838428134678,284.6577159875113,292.93611703518144,274.39122294202656,307.5500489106153,100.26771205230038,77.3480772009043,60.416349365296526,139.6984158411279,149.06967971597072,331.26262216890365,334.19877184865686,10.111926911156704,8.493946263760243,0,1023
299.9600988517072,241.07027132777336,33.08994725582364,76.43280378085201,289.86011962525924,285.56482949785186,269.750278368768,304.27446699787635,103.82043902833249,79.9594962778564,59.501620521204536,139.00017551232395,148.03367642990824,330.5237856805603,334.06940364123386,10.787155022861526,8.544804765645097,0,1024
300.46607236293664,242.844062053781,35.76102748716138,73.50253172098367,284.6677121063197,281.7424578515148,259.3212713974316,298.004059327447,111.86379654862635,86.25646607490815,69.48052620608811,136.39809046784467,146.6012360592996,330.0268098426069,332.5734070499839,10.63341789750002,9.473333506339776,0,1025
297.4086179100698,242.36630205127403,40.955466012020025,67.07241086451577,284.90985657244,272.86569395253497,251.9752543801237,292.537175440256,113.63134854903085,90.45675529148184,74.14524379786396,136.54506590447838,146.4670967726603,329.7678027145532,331.09074317733126,10.673375907269698,9.484973335864169,0,1026
297.09145806279975,241.98431627159232,41.40582275576314,62.73532244113804,283.0580555032381,265.99030375493203,247.8466346877436,288.5365484078298,117.65740504867316,93.47386856636864,69.04336693675688,134.4542096952542,145.213433749951,330.01615895054584,331.4117847093879,10.505302842006584,9.51581091619214,0,1027
296.2972730121859,242.73229497289825,38.51718575948142,60.83602633904458,278.26904104695893,262.25911912222,239.80509157101943,281.72236314834737,123.7581446278325,100.89723578747731,68.52986607383431,132.73283700594746,141.8188903548999,329.39741170459826,331.0077612987364,10.496113516542785,9.59019205874042,0,1028
296.02462428548483,243.43648887708216,42.46536548080568,55.75965029442627,279.9578849348421,255.7080253466508,229.84973300519167,277.5367421798196,128.17634504853504,102.69597709917312,70.48393024147049,133.05168670380507,139.64902211293492,328.8261844666917,331.5445435775237,10.36710911135363,9.191702507289266,0,1029
296.2346609016216,245.3151587613981,44.093466023099445,50.99742753386721,277.8278359481969,250.48594695063773,221.7905123858164,272.3557662594836,131.38568438322702,108.348738059139,74.52600334963412,136.02137586570643,136.88156068047775,326.858440457031,331.4294445295965,10.090602394977711,9.146516214836472,0,1030
296.5884919748693,248.4705552617859,44.17218590462755,45.663033680130965,272.19732485813665,244.48329501752093,212.8800501564507,262.7819282746564,135.45676127832823,119.26732439491768,78.52024016413961,136.2889576570707,131.5485247195893,326.0783359752476,331.11915942694577,9.916074566875867,9.247323626274357,0,1031
298.5823913538867,250.94316677688835,40.05828252159689,45.856834762850376,265.4039391230564,244.35658265178884,203.49055334063905,255.97629770964303,140.67821159689652,125.35012676002408,84.52351573218428,136.66397345955173,130.49167565350825,325.0811657199474,329.37623875054976,9.823475258205129,9.80865992355524,0,1032
300.9427027394362,251.87138815358892,31.111444516479903,42.60306547957573,257.2594731837406,240.680115909336,199.4219217755564,252.77528601639204,142.65672440238993,129.68306959512512,90.72271674275298,137.11502029826886,128.16856353829493,324.53549454435534,329.43420535381983,9.829029908273212,9.711393654350864,0,1033
300.58890024244096,252.4632127886429,28.78106527086137,38.292807186006414,256.25381856126336,235.1477748403288,191.0667582326468,248.61657209539047,148.26736120502147,133.87658545452692,94.0506494275577,135.56713080429893,126.444173410743,324.71957679834395,329.2923886256572,9.890648985239276,9.61215813860873,0,1034
299.12070875880136,253.78336064826829,30.915089982436992,33.162323638879414,258.2105915902795,228.71442737970696,181.7470535878564,243.65342807098983,152.3738139130311,136.6152504211602,99.07640040644894,136.39208920975443,127.12122583349296,323.8796938356629,328.0222640690539,9.93918900391512,9.81740552954097,0,1035
301.3649822557044,256.181413066274,31.71499603484796,27.53505525819645,256.9211249625226,222.84653548131192,173.0137116802804,235.0702506990841,155.10803851064202,142.57005533111675,102.21699260782091,138.84590602491295,127.41978968580004,321.8250471187389,326.4002110188414,10.464403861697267,9.80670265602083,0,1036
291.50907594704904,255.26663202909472,28.551635159386187,28.59271154759737,251.61448558513803,222.7485102144302,162.27560578145503,227.109158241442,171.48787405603056,152.0640116106681,115.36737557679535,130.1537845470326,124.04893231618058,322.0503326054607,325.16965508906435,10.390185883056454,10.00213623867502,0,1037
287.7681569160234,255.34697069442493,26.55499396300352,26.68079080633626,252.98258867114825,219.7965256085385,162.91725042629753,225.88573601488287,175.53434022841444,152.70395503060945,112.12921879692068,127.7613103838025,126.5515170281641,321.77351753218375,322.53411315916827,10.729320526491335,9.743627249574637,0,1038
284.86194186433795,254.4466338116997,26.03784113000315,26.61630953969968,255.1303226918926,219.69439453539755,166.45215433158586,228.3704579075286,174.4308830673754,148.08114305299833,110.30821174827648,127.61303106400848,129.42091737052124,321.7829290269093,322.43079938931265,10.78972847075766,9.522519428846978,0,1039
283.4284886547251,253.45045015470916,25.685577147455938,27.09794131259742,255.9518315553663,221.06103019474676,168.8324520405924,231.03229221846772,173.0385720546829,144.95350345168413,110.58592672243616,128.69310313569684,130.9479237322776,321.03222532899446,322.61078459855025,10.956248176999068,9.45791654304358,0,1040
282.6883975000028,254.19636564487087,24.858370224607324,27.7727679393735,258.4320099283025,221.6472925922812,170.81189716084108,230.443271838812,171.26453182151087,143.8804009531057,108.57657001183296,130.20176221924265,131.1403421172538,320.7158858378034,323.36236164581555,10.965192905327545,9.451227789003438,0,1041
282.43761216240205,254.23895897263264,24.87898570383307,27.40342263247027,258.35913346946705,221.4335008278901,176.78399309073137,237.2786460897297,163.79464722375835,129.34484474917744,110.31677399276931,132.51788872490965,138.74515549954697,321.82814725909265,323.91004313409843,10.94956420229922,9.42726555774443,0,1042
280.0922129775448,253.4162984014,24.90215725060508,25.9141474770662,258.1138953791554,219.7642240406164,183.97237595357203,243.36460919157383,156.89776133748774,118.2129877376641,111.88222072246737,134.21851969872858,141.3817806594339,322.4599594009463,327.6034514780624,10.825066265647688,9.313305867123605,0,1043
273.6857197816633,249.8205536385761,26.27312650418352,24.775358544375035,262.33474654522564,219.23131250731512,196.34197403082223,252.5886958450037,148.28067658599747,104.30932974823791,109.85515774380416,134.33357873163692,146.8401042272527,324.3864951876757,329.6121000164869,10.231760057953602,8.777353201149245,0,1044
267.84317231272667,245.7234763331666,28.685853420809003,23.93855197193236,263.96321950626947,219.3099230994636,203.36314737108077,260.6303395857882,142.6227527828688,92.79864123019485,111.42149260366784,135.9133327764194,152.41571827811072,324.4231452615932,330.613065303066,10.394582348856666,8.416249534950644,0,1045
266.6796938107968,243.7666118601928,28.764197703359336,23.7175038344504,265.1562155199447,219.31493758070857,208.8842567581004,266.4909844158865,139.055626148337,87.76197647452817,112.8070569126222,136.51435408111038,153.4499161963296,324.91588254254634,331.4461895723463,10.218989549989065,8.393515038193184,0,1046
264.5312068887134,242.16892056856705,27.96793547008405,24.02916454217587,267.4549285055969,220.22274327166875,217.26193567199493,271.7376793895897,131.73369819449903,80.55040518224675,114.90691688557877,138.8300902499808,157.3805170402686,325.4787986680426,331.541184671152,10.032093707039133,8.397843959695459,0,1047
265.1783499067828,240.2232920267872,28.56765473493528,23.79960887870072,269.13175460145817,220.8256621403102,223.4220714716604,276.73881691557114,122.2770523743951,73.32502420911634,116.6882295845682,142.4978780263782,161.04956030834194,326.4091908254043,332.0179220805062,9.631641495978302,8.265723102758232,0,1048
264.6707399860614,238.6119254369957,28.05797795435137,22.79110991009644,267.6295408140302,219.7152402809492,228.82216607977432,280.11719664662377,115.1208454363812,69.88380288452635,116.43146412434656,144.2890880804842,162.7762316203905,327.4580980726764,332.1789498334889,9.175573664035308,8.233143255139383,0,1049
262.3791317025492,236.78306118424555,29.423550707803347,23.71082801090441,265.2177413013717,221.83908266972875,236.3315622611367,284.9814276373169,106.57805144711024,65.01754681017447,117.48879835781229,148.1685895198873,164.61630306038117,326.3070547359429,332.38652229952567,9.163129393898805,8.239622987753645,0,1050
261.0329420289421,234.61295842356336,29.72407404876584,23.144228781506545,265.0401349743546,221.3983613723478,241.60117672312128,289.7087894590987,102.08269186648576,60.18368421051095,117.52053585639986,149.38850241787827,166.11777258227153,326.50733645512963,332.86702817991653,9.30610494855062,8.08196424597941,0,1051
258.8854317625495,233.40765289939955,29.419903393992826,22.07605088650102,266.35468214012013,220.0133917082485,245.2481913369272,292.5935925134681,100.71638700801655,56.80017118670578,116.57922284182489,149.6601524857544,166.16756355107452,327.191894493133,334.017728866425,9.064138544384564,7.75104964904243,0,1052
256.32741848428543,231.6234517434357,27.96068311792444,22.656865587590023,263.8140318419365,220.9077177096515,250.35013989653132,296.7147369771686,96.86110228533585,53.367857374334825,117.3544805930424,149.1888192359059,167.13233350774644,329.26251114456426,334.42545610724176,8.879717732987327,7.66644518144151,0,1053
256.44489693474407,229.141466812622,26.060448330853745,23.956875781635382,262.2769269837056,221.9588741586648,256.7003690473708,301.2741407484364,90.98901845369768,50.27894767145508,116.34530825660848,150.0499716959108,166.88421939143515,330.38252659971414,335.3048521515814,9.059481353442534,7.614504541963614,0,1054
256.43036910138244,227.47800880595355,23.252131229056623,23.48156090693151,258.3523803397825,220.98164197451584,260.6168956555562,304.1214891529966,87.43641886802897,48.94979581285664,115.79480380239144,151.2129802300194,165.87161402952967,330.7453792109201,336.19833865456,9.270973989101124,7.760171037943581,0,1055
253.62874540176315,225.7758314574308,22.814286266826503,23.918923124933563,256.5852690327992,221.46390170512328,267.7692124418285,307.40898717816293,82.70326132964321,45.75487410896582,113.59514840749934,151.9380324387763,166.54114873721434,330.8356937626675,336.8299077191506,9.408565381665875,7.67895203391428,0,1056
252.99388136800764,224.1549910476854,23.7008056915102,24.12059462308746,255.1413756202368,221.5793597549029,274.8075149027749,310.6216169579632,76.68140491854403,43.47225576285211,111.95604280535612,153.34502967207638,165.23689331584598,330.93235173113254,338.1949617070692,9.414389843167069,7.387876455234927,0,1057
251.8296079965084,223.2939921268088,25.151569269364096,25.08130477967445,252.78073084138072,222.68322166747384,278.9190086883616,312.2790228607671,72.42472452031916,42.44132115837681,112.13055041851196,154.71824239590333,165.40064841795916,331.16712651347973,338.25737557873896,9.460169415443143,7.483321762960208,0,1058
251.76657485671288,222.57184224201688,25.237184969383303,23.46382314413445,253.83496732967137,220.46362889994188,284.7578033288574,314.46427820892444,66.45695018414709,41.23760002400629,111.66184654905926,156.2546243629787,165.78651926549205,331.96764975371525,337.9447921718625,9.725135202742884,7.814729416986887,0,1059
249.9989249078148,221.54675052505056,25.466386855391303,23.1619337942257,253.74028673413915,220.05477637498635,290.25616154843186,317.58230127748004,62.61776619391463,38.94608619330141,109.8641225246533,154.8970781943087,166.07505709786852,333.2394269427637,338.0465945687521,9.579757308928498,7.669284259136142,0,1060
249.82452066537493,219.8889075494736,24.43732077507772,24.816648253970342,252.20443108904527,222.49619372410348,293.0765990448462,319.8274821973732,60.49491029366921,38.04206124536884,109.41807381935486,154.58030370599792,166.09190374179377,334.2128369041927,338.2262085444625,9.20717505927391,7.630537597066621,0,1061
249.94813035131705,218.94005252078668,23.910348003075303,24.669101116763223,254.08411643586632,222.026117057856,297.9821307042359,322.47622604069966,55.431201433676335,36.39948642361453,108.47899230793767,155.96241839228355,165.66888868226144,334.69048359961107,338.57764833018905,8.824032278389772,7.726945192269145,0,1062
247.893211077106,218.4821079801469,25.873013198692323,24.100485416498618,257.69028068304124,220.9353290753893,302.9661895737214,325.2666380120956,50.026113116429535,33.80194969908967,105.4332369958632,157.52897925484748,165.87446754332797,334.6599427149173,338.5912003801961,8.902965943316376,7.744463231067933,0,1063
248.79408796065235,218.03188348232965,23.330601470338006,24.453012328015586,254.5312388206465,220.8935502295936,306.0915642057936,326.32751254964404,45.958568312945,32.913650514066624,104.56738532492668,159.2533904558789,165.9717974937091,333.85842570452985,339.03505925448906,9.725880757129223,7.859007929716758,0,1064
248.33927893957423,217.49991248689008,23.358905796989763,23.949953606619868,254.9778390289061,220.7270607584613,310.48747502791457,328.5052159904867,43.02654240895229,30.331305390179665,106.61279493278488,158.2356367429907,166.76395530817274,334.0457933486438,339.1282199383804,9.619709439865655,7.880234038058364,0,1065
248.79959143575329,217.6976076133101,22.867959703441667,23.58293481545554,253.8457676286557,220.44092197447807,313.8305316139014,330.2671244462072,38.99980399517787,27.65897677657859,107.62624770185504,158.60683551870696,166.8104526433505,334.44852077735715,339.63219768411625,9.765132328437028,7.644293631844971,0,1066
251.4758390297289,217.72686366990305,20.04569351688793,24.493633564196955,247.50571412012056,221.7497425428053,314.42547981371735,330.9297335015919,37.156360260415454,26.28791010776713,108.53690837221052,158.98013535270272,167.9968369524605,334.755602467618,339.40298515981027,10.67902959256138,7.753377122312027,0,1067
254.5783004922862,217.78492281790935,18.853318075561155,25.19000486929432,244.2010872253942,222.90157411609337,314.5147704214102,332.33742438500246,32.22987800186002,24.075761265196,111.00917837329064,160.62038981643832,168.5833892917159,335.68541467213026,339.5831167436908,11.335893816989206,7.951131672347471,0,1068
255.51878456345275,218.49066253756445,18.474745612243687,25.4846662226872,241.6258102052991,223.06341540242573,314.7933951832945,333.06884608447825,29.0016512160254,21.695190525765547,112.898157844795,160.75131512345484,167.8798866867348,336.993440064398,341.086717528486,10.798979907090525,8.1871205716806,0,1069
256.0455158499442,218.61275588522557,18.01738796771972,25.428269711469827,239.55818261782724,222.24808068325507,314.62431532034566,333.29776770842545,27.31668748816769,20.33647097824604,114.28991884914517,160.9460040295126,168.18208960536188,337.64996303116965,341.612441451933,10.652351044439827,8.332837430690752,0,1070
258.4326644635834,220.4116399731394,18.024815119463376,25.73233156080056,237.4327182161667,222.7166610447832,312.4757159325319,332.64408813627284,23.761468005123028,18.62156952975997,114.78459831448126,161.93982588906616,165.89343725506248,338.1172185414849,343.70626087316765,10.437823414379473,7.271937257547107,0,1071
261.1635541509527,221.7926815060292,17.276813872959853,25.21337785095972,234.42828395363017,221.85576375213495,309.97797066530177,331.89531744074486,21.076881049459757,16.434136676183797,115.88741392897892,162.48986009355667,166.5735918357093,338.8082417306848,344.4671390364453,10.127709443674211,6.934421258526135,0,1072
259.671964716633,221.1938666524679,17.297068387192592,24.94737505945797,232.3588115503093,221.222411304668,308.33292457940405,332.1969544500873,20.021511074726646,15.627558938608216,116.04871651554646,163.73100480444592,167.51249463115673,339.10843067603497,344.3846499189063,10.170056070412675,6.7701783776753865,0,1073
261.1985717535485,221.0241801212688,16.41009905633923,25.994990982196576,229.41372903095268,222.9699573800281,306.32148034389706,332.1828919783391,18.93153953804577,14.538897563500248,117.28086973067006,164.69518684783344,168.0476759714573,339.11483834940606,344.8062023379896,10.389252532055789,6.428786523344501,0,1074
261.83871908764985,220.6266457643552,16.97684171530883,26.89582057298077,230.69745243592124,224.2787407553708,305.4149886179893,332.08649679891994,18.98885419781784,14.229294801883343,117.81126157065614,164.48387514408,168.75785328885593,339.3663411297427,344.7051084520276,10.698842628587402,6.332923488602504,0,1075
261.4550850172533,220.2537298613034,18.514684860086437,27.81354228589673,236.3991222466082,225.60745921601304,305.3283236285469,332.30617710104315,19.11087626078426,14.125724321998458,118.5923047848028,164.70481992896367,169.51460231543663,339.3176582636328,344.2638243752701,10.811855989158172,6.351742599438412,0,1076
259.2868691887392,219.80560457260933,20.55951043716925,27.55518732448704,239.58767680303836,225.3283543835483,306.5468073175869,332.8610594093581,19.432193868232307,14.375859793318195,119.508573538549,164.49121913953832,170.1376222072046,339.373189241134,343.57324824266044,10.761801951247849,6.478528355760797,0,1077
258.3718423436008,219.5963332004165,23.272076298213268,27.5229224055476,240.67648917335455,225.3263941825253,306.290931923776,332.9997216540681,20.40129440841881,14.869377772829038,120.38992167079334,164.46363008326347,170.8351291424614,339.09902935699074,342.822774624699,10.741684416352944,6.706192607767398,0,1078
258.17279831707174,219.3136021007856,22.68545116077372,27.74828170292715,238.68558684152805,225.6517281019296,307.4201464268009,333.1759823874476,21.26155519701442,15.27177229672423,121.2179630596914,163.2142358476451,171.27126736439695,338.9498467390684,342.24799898785426,10.72696799196968,6.8578511357177545,0,1079
254.1258643218442,218.759213747482,22.90017610205383,26.39148300254928,240.56080313936943,223.34946532531103,310.99423145371685,333.2250368944682,24.11317106371564,16.43587655622064,118.24116764339364,160.9979884751593,171.23081502785936,338.7352668563765,341.7491600965082,10.677178544315918,6.996140320327344,0,1080
252.62911624837645,216.8727296948229,23.613138214787043,26.95107738809889,241.10485941261172,223.95944684364773,312.7519794544455,333.8301703872286,28.92568308661789,19.07434905060209,115.3094419369372,158.44283852512496,170.21711722635752,338.416401359417,341.48016958849905,10.889812346801126,7.147794530251353,0,1081
251.52531239569103,216.2732988880783,24.511672974291045,28.725602831605794,241.45198849824368,227.066740735661,313.73493770295954,333.8314750435269,32.357874528986684,20.888678140102144,114.97528988541907,157.22033126111378,169.40614429545,337.9110725178052,341.2791285615233,11.312958598132957,7.192595169813727,0,1082
249.44658825241189,215.75762572904293,27.408044011595397,29.809933698141243,244.02537300729367,228.3487747929773,314.3154889139085,333.19081215944766,35.222264997538964,23.84491481096481,111.43882725808612,157.24442013319057,168.2659509455735,337.9739400036524,340.9782957089443,11.51010745310981,7.324146195928464,0,1083
251.88107206077115,215.02281007242996,27.09699372220895,31.730761329715445,244.48713293321143,230.21791820240605,313.511436881431,332.7825435851796,39.16455619268646,26.970638201029008,111.30555856418316,157.2056545043236,165.95382607830973,337.1040063398665,341.26173644394663,11.671957023699264,6.919858393481952,0,1084
247.67737181004105,213.94328300668792,29.64318129816654,32.76506355342503,247.23895604607887,231.4162535083028,313.7493966136953,332.8210168909894,41.13766980081408,28.24289448043297,108.06464364600242,157.00790920427727,165.8698600767521,336.9227615585154,340.9956242147604,11.37552661662507,7.069274993269992,0,1085
248.23290308526407,213.9819125215733,28.569647652747197,33.92610475460052,245.67191252147447,232.0992335132213,310.979289511083,331.19021311900025,45.204389877647785,31.427656220883453,106.2117594107792,156.7824619171764,167.36931491284804,335.7713280127722,339.4712205573141,11.347996029688378,7.70339830443554,0,1086
247.79624765158525,214.6827851027068,28.8945674321433,33.94011967479731,246.0494302255984,232.0431478314681,308.18482325858434,329.0854154527826,49.81873771184471,34.180352129901074,105.13263357073836,157.42258118475166,166.88985850624124,334.38155251223884,339.2096473416847,11.314232342355403,7.837827225953904,0,1087
248.1855194785393,214.66542177848305,29.934158509293813,34.61376415186557,247.20242115102508,233.11388299955732,305.34354647114577,328.3936886605512,53.48046582430782,35.150806082401985,105.503562241126,157.42076764575353,166.51021521908623,333.54148500018323,339.0417755432554,11.53722016136274,7.578826406449667,0,1088
248.33830310891773,215.14518532541987,31.041260033703846,34.05869184994592,249.4778559167676,232.0868007481004,301.8644481427137,326.73651850604915,59.235302006916335,36.69930196121257,104.64103144114664,155.16366578385902,166.24101063409387,333.3996186865214,338.7561959073824,11.432336974424407,7.788437902427754,0,1089
249.79524167224864,215.39908202325523,30.874406712411016,34.05325603988084,249.525525289183,231.8700979857961,297.2372702414601,324.5466964151178,66.43734055505129,39.07461505550207,104.24359368078672,151.59533534808705,165.7040734923839,333.6393591324814,338.7428969827066,11.539205001547533,7.782927731122907,0,1090
253.65451254883112,216.3302165073365,27.27735510950904,32.74772971799443,245.19722271088008,229.8142499903701,294.4622849016687,322.53663157047185,68.59640529328013,40.22412990315927,103.30804275825152,150.83288911509328,165.4985715892418,333.69014723584485,338.70206135826703,12.032486918281734,7.643531558403946,0,1091
253.2829196189269,217.4761257201636,24.45605613731433,32.508112313645285,243.79425434351992,229.0249917827736,290.02052921712016,319.3567809935417,73.34327525642662,42.53990883733261,100.78613966279144,149.6092525697061,165.12701729874374,333.4776668351819,338.1028601884523,12.202168946535837,7.746188964397964,0,1092
254.7452149619602,218.99794005268748,27.06061717897457,32.254992180825475,248.2156974068998,228.81309060757235,283.7265402023212,315.7052079517998,80.32232046118772,45.79567279664271,102.9303701487438,147.0371923049859,164.42744276875564,333.5263908897128,337.64066706688783,11.748265770684728,7.680202011875548,0,1093
254.48655478540917,219.98523165420167,25.33035506767916,31.135080021513783,244.06462255631288,228.34785434306843,280.11040475838735,313.8286095039921,84.45496248643862,47.527231281509046,101.85226165473686,145.42892249294468,163.61677321256943,333.17396508680497,337.7428635640956,11.37577066944458,7.52456395673182,0,1094
257.59223481054863,221.09706489447944,29.45349177938809,31.03187615921964,252.54278429176816,229.03193194367643,274.58859781294143,310.72898674435214,88.72649393966341,50.22519313019612,100.93126511924964,144.36642420993203,162.6815128496053,332.81012120408656,337.5618421941423,11.14366742288568,7.770292001716526,0,1095
257.1397483679615,222.4217754894019,32.161075204917246,29.563287246568542,253.7593448845664,227.2497358735153,269.9915997171578,307.7725018555597,91.31972655167596,52.81777999965047,103.9339350110894,143.95874478370118,162.6063389084436,332.8378175346649,337.04954122339404,10.943877267733612,7.975975894141546,0,1096
259.58692084255244,223.2725018459451,31.55275328639796,28.15895195668694,250.47561457289487,224.7827754047646,265.6416024417765,305.38602580284,93.86872420781178,54.93695533708585,104.66604151568872,143.11357233029142,162.3277732639512,332.4049793276065,336.7005140890205,11.036975070659008,7.95636900461465,0,1097
258.5955749816921,224.0506028708233,34.197902321959404,26.417401639558225,250.1284539596487,222.86335291728548,258.73506838379296,302.1984659983953,98.72620074725415,58.31028882935738,108.92503917397936,141.59957206261535,161.46826718080806,332.106989239098,336.238191330054,11.080486688246038,7.997676125547285,0,1098
258.4553743682821,224.6958114442424,35.05662076130904,24.67114775128301,250.07018318558815,220.24616234522188,250.29862176695295,297.60959553074963,105.51871106789136,64.75910430902016,111.57206025753504,141.0150804266057,159.37741795391523,330.90572039410705,335.3890938242689,11.29962730901757,8.172179000880913,0,1099
258.04419501780814,226.1804965982092,34.91224907942249,23.33767832838917,252.613816040248,218.73298196480536,246.30884627026143,294.35796201390184,108.7263728475142,67.95251609810448,112.38086808870322,141.2341801677306,158.87715697464935,329.71174788891926,334.53002647322285,11.190998554903556,8.318434131224574,0,1100
258.01741993204024,226.6586873407132,34.16205103962597,22.46567785242514,253.30597561151785,217.9967340435656,244.12644359956687,293.7351932557796,110.98602985086526,67.7533222636333,111.77997629537144,141.68406935555277,160.28859974866876,328.5428145128937,333.5783188830424,10.975091795964316,8.498228006761032,0,1101
257.67520259597643,227.52716609468413,33.437115645940224,22.273304634762766,254.5558352129921,218.03323108488223,238.59879936428487,290.0082322423437,115.9508314281732,71.6135653309849,112.58456722128184,142.4940607349253,159.13650857092068,327.0489794372993,333.23020274012794,10.949343754243188,8.600337674934124,0,1102
259.5182276361062,228.7547432913661,33.44573801272726,23.58951871293981,257.2803045540227,219.72212575105465,231.7134410802173,285.4330951480023,122.63257481051434,76.60129337966703,113.02898459709512,142.31882222152063,157.4242886833782,325.4640846585259,332.7804824221169,10.6381659456477,8.947014983995745,0,1103
261.61787543338806,230.06826914292463,33.126325569868115,24.322652658137542,255.7105298378695,220.4064672783973,226.6576292426064,281.0505644735631,127.5167068815833,81.76511251597194,113.49616205651752,141.4793912966048,155.7206246073627,324.33130733553907,331.93744112278114,10.226876709036466,8.96362196412958,0,1104
262.660773841666,233.29485754023395,32.86507560036004,25.181804470966934,256.6186912965395,221.0231691093352,219.2779740379701,272.2044122762695,135.0776567832463,92.18507209747254,112.77810253798252,138.54109121693605,151.2250351348835,324.4945991608507,331.29706738255373,10.06631526701697,9.130504323683155,0,1105
265.2039003846908,236.2013613709648,29.481274032026963,24.481811667114947,251.21458192490888,220.3352599034256,211.40220692053344,262.60129089299625,140.99696950808067,104.08437347875848,114.89727933213548,136.43841054511066,146.20126198486105,324.840913839418,330.51918460916346,9.97367842719008,9.211498412518749,0,1106
265.8010727198792,237.9288108009807,30.48394489909418,23.318541423638464,253.82377187659543,218.12828382580963,208.62556586355484,257.0252938138108,141.99899326771603,113.81158832950462,115.72143651402176,136.83865733619464,139.7722415183085,323.78960348385755,331.1219369154479,10.723912458251704,9.25144067242494,0,1107
268.62465992768193,239.11840590856377,30.236227425221166,23.59947828362081,255.65171559039808,218.3672755524726,200.27047725021737,251.54294412210567,147.18009684880715,124.63031612684802,115.38810424969664,136.2857416871329,134.0808376605583,323.78240457561884,330.4376547936596,10.871557247627353,9.479428887663817,0,1108
271.841954664422,241.17894726142035,27.63783838534617,22.78931643707392,256.9888633488404,217.92427311748503,190.29664322943464,245.8747605974976,154.14854337945033,134.81362277509237,112.53672870219832,134.46197325425493,128.1043132688805,324.27470385012003,329.7341418541895,10.687161667178056,9.72896707805532,0,1109
275.7726232741943,243.38791483768017,26.47337978947832,23.753778166183945,258.3550125335763,218.77126912406916,183.14944546619157,242.0844073887136,158.3349777840722,139.16919278825213,114.7241964182604,134.37823298499407,127.42083929285008,324.3439318278991,328.3860669952859,10.55601562574997,9.898709988657204,0,1110
277.6127689440116,244.3313338568763,24.763890568757084,20.13234135461756,257.4317745168645,213.31315000348064,177.69633715080218,236.96457594201053,161.95396865534528,146.62236241535982,117.45926718203084,135.71352459021355,126.9113451574101,322.7217596965765,325.6206768907276,10.786583549510322,10.159006355698194,0,1111
